Num Channel Height Width
  1       3    640   640
  1      32    320   320
  1      64    160   160
  1      64    160   160
  1      32    160   160
  1      32    160   160
  1     128    160   160
  1      64     80    80
  1      64     80    80
  1      64     80    80
  1      64     80    80
  1     256     80    80
  1     128     40    40
  1     128     40    40
  1     128     40    40
  1     128     40    40
  1     512     40    40
  1     256     20    20
  1     256     20    20
  1     256     20    20
  1     256     20    20
  1    1024     20    20
  1     512     20    20
  1     512     20    20
  1    1024     20    20
  1     512     20    20
  1     256     20    20
  1     256     40    40
  1     256     40    40
  1     256     40    40
  1      64     40    40
  1      64     40    40
  1     256     40    40
  1     128     40    40
  1     128     80    80
  1     128     80    80
  1     128     80    80
  1      32     80    80
  1      32     80    80
  1     128     80    80
  1      64     80    80
  1     256     40    40
  1     256     40    40
  1      64     40    40
  1      64     40    40
  1     256     40    40
  1     128     40    40
  1     512     20    20
  1     512     20    20
  1     128     20    20
  1     128     20    20
  1     512     20    20
  1      64     80    80
  1     128     40    40
  1     256     20    20
