 Num Channel Height Width
   1       3     32    32
   1      32     16    16
   1      64      8     8
   1      64      8     8
   1      32      8     8
   1      32      8     8
   1     128      8     8
   1      64      4     4
   1      64      4     4
   1      64      4     4
   1      64      4     4
   1     256      4     4
   1     128      2     2
   1     128      2     2
   1     128      2     2
   1     128      2     2
   1     512      2     2
   1     256      1     1
   1     256      1     1
   1     256      1     1
   1     256      1     1
   1    1024      1     1
   1     512      1     1
   1     512      1     1
   1    1024      1     1
   1     512      1     1
   1     256      1     1
   1     256      2     2
   1     256      2     2
   1     256      2     2
   1      64      2     2
   1      64      2     2
   1     256      2     2
   1     128      2     2
   1     128      4     4
   1     128      4     4
   1     128      4     4
   1      32      4     4
   1      32      4     4
   1     128      4     4
   1      64      4     4
   1     256      2     2
   1     256      2     2
   1      64      2     2
   1      64      2     2
   1     256      2     2
   1     128      2     2
   1     512      1     1
   1     512      1     1
   1     128      1     1
   1     128      1     1
   1     512      1     1
   1      64      4     4
   1     128      2     2
   1     256      1     1