Kernel In_channel Out_channel Stride
     3          3          32      2
     3         32          64      2
     1         64          32      1
     1         64          32      1
     3         32          32      1
     3         32          32      1
     1        128          64      1
     1         64          64      1
     1         64          64      1
     3         64          64      1
     3         64          64      1
     1        256         128      1
     1        128         128      1
     1        128         128      1
     3        128         128      1
     3        128         128      1
     1        512         256      1
     1        256         256      1
     1        256         256      1
     3        256         256      1
     3        256         256      1
     1       1024         512      1
     1        512         256      1
     1        512         256      1
     1       1024         256      1
     1        512         256      1
     1        256         128      1
     1        256         128      1
     1        256          64      1
     1        256          64      1
     3         64          64      1
     3         64          64      1
     1        256         128      1
     1        128          64      1
     1        128          64      1
     1        128          32      1
     1        128          32      1
     3         32          32      1
     3         32          32      1
     1        128          64      1
     3         64         128      2
     1        256          64      1
     1        256          64      1
     3         64          64      1
     3         64          64      1
     1        256         128      1
     3        128         256      2
     1        512         128      1
     1        512         128      1
     3        128         128      1
     3        128         128      1
     1        512         256      1
     3         64         128      1
     3        128         256      1
     3        256         512      1
