Format: C
Channel: 128
[ 
161
161
161
161
161
161
161
161
161
161
161
161
161
161
161
161
161
161
161
161
161
161
161
161
161
161
161
161
161
161
161
161
161
161
161
161
161
161
161
161
161
161
161
161
161
161
161
161
161
161
161
161
161
161
161
161
161
161
161
161
161
161
161
161
161
161
161
161
161
161
161
161
161
161
161
161
161
161
161
161
161
161
161
161
161
161
161
161
161
161
161
161
161
161
161
161
161
161
161
161
161
161
161
161
161
161
161
161
161
161
161
161
161
161
161
161
161
161
161
161
161
161
161
161
161
161
161
161
] 
