Format: OHWI
Output Channel: 32
Height: 3
Width: 3
Input Channel: 3
[ 
-24
2
4
-34
3
9
-15
10
0
-32
12
19
-37
10
19
-16
18
10
-19
18
20
-17
17
18
-6
10
-4
-2
8
-8
-24
14
12
-11
25
17
-18
4
1
-43
2
13
-27
21
24
-12
12
13
-38
3
9
-26
11
14
23
18
12
60
51
44
-14
-14
-7
53
43
33
32
30
30
-81
-68
-54
21
13
8
-26
-24
-18
-69
-63
-48
28
16
18
20
8
9
2
-1
-7
19
10
15
9
-1
7
-4
-4
-9
5
7
7
-6
-4
-1
-15
-9
-13
50
38
-44
43
24
-65
9
-46
-79
-47
40
0
5
108
22
5
53
-15
-119
-12
12
-72
23
13
-37
44
20
-5
-2
13
-17
-6
16
-3
-13
1
-27
2
26
-25
9
42
-13
-4
19
-26
-10
18
-25
-5
26
0
-3
15
8
15
8
-9
18
18
-8
9
7
-23
4
12
-46
-4
18
-32
2
13
-24
0
14
-34
0
19
-18
10
12
-41
26
7
-101
92
32
-95
34
53
1
12
-17
-79
115
-9
-78
46
28
127
-8
-127
40
-12
-26
16
-20
0
26
35
14
19
46
28
14
40
22
-92
-86
-77
-109
-99
-93
-95
-83
-66
40
52
56
107
59
70
85
38
44
4
12
-18
22
17
-20
18
15
-14
9
8
-26
23
17
-28
16
9
-23
2
7
-23
9
10
-19
5
10
-11
-4
-14
-18
-9
-14
-15
-23
-8
-12
9
-7
-7
20
7
12
6
9
15
13
-1
4
28
15
25
22
18
29
0
24
-6
8
40
10
7
33
9
-22
12
-15
-20
19
1
-15
12
-2
-27
14
-1
-21
19
8
-18
10
5
18
13
11
-37
-30
-28
-69
-56
-48
61
49
47
31
27
25
-68
-61
-53
24
13
18
58
46
43
-15
-15
-13
-76
-60
-49
43
38
36
16
7
5
-101
-90
-75
78
72
66
24
12
13
-56
-43
-37
69
52
46
4
-6
-3
-4
-14
6
-14
-17
14
-7
-9
14
-2
-10
20
-22
-18
21
-13
-10
18
-2
-10
8
-10
-17
12
-5
-17
2
41
18
14
59
34
29
40
14
11
0
4
4
24
25
25
40
31
29
-64
-44
-35
-86
-64
-48
-48
-36
-27
-29
-1
-2
-41
7
5
-7
17
-2
-41
13
15
-46
17
18
-12
24
2
-18
28
23
-15
30
18
-2
12
-13
1
1
1
-50
-43
-32
50
39
36
-23
-18
-12
-96
-84
-69
92
75
70
1
-1
-8
-58
-54
-44
84
63
57
-7
11
-6
-16
19
11
-17
11
6
-7
20
14
-16
23
29
-14
23
20
-19
5
1
-27
9
7
-26
4
-1
5
0
11
-15
-7
20
-2
-8
10
-16
-3
26
-41
-10
31
-26
-10
17
-13
-5
23
-20
-3
29
-5
-3
18
14
-41
16
19
-47
33
-17
-32
30
39
-47
20
57
-42
53
13
-35
39
12
-40
14
16
-53
25
-19
-44
17
-43
-21
-15
-80
-46
-35
-45
-21
-15
5
-3
-2
-16
-17
-11
-4
-7
-1
61
22
17
66
26
27
61
29
24
-22
18
-43
-16
35
-26
0
38
-4
-21
56
-18
-18
68
5
-32
31
-8
-15
61
8
-39
35
-10
-52
-2
-27
80
20
-47
10
-7
-76
-13
19
-15
49
39
-52
-66
8
-76
-47
69
26
-21
33
-26
-65
54
-7
-43
75
53
10
-31
24
8
-41
39
17
-31
15
-4
-42
40
-6
-54
51
12
-42
26
0
-23
27
1
-33
36
11
-25
15
3
-32
32
34
-52
25
10
-40
21
26
-48
20
58
-69
13
34
-52
18
12
-36
14
32
-52
16
17
-30
24
-77
35
11
25
22
-48
92
6
-72
-82
55
81
-59
13
-15
73
-1
-127
-78
35
103
-58
20
33
65
-12
-57
-20
21
-7
-22
27
-17
-7
-5
-38
-44
41
-13
-31
70
-6
-26
27
-37
-40
36
-14
-5
79
-4
7
57
-23
-4
0
-5
-5
-10
-18
5
-4
-12
6
0
-9
2
-10
-22
11
-4
-15
15
0
-11
16
-2
-16
16
0
-13
-78
-55
-53
-99
-76
-72
-52
-33
-32
54
45
38
85
81
72
91
73
65
7
-4
0
7
-11
-5
-14
-26
-15
8
2
-2
31
31
20
50
42
20
-35
-21
-13
-50
-29
-22
-8
-1
-9
-4
-5
-6
-29
-16
-15
-8
-10
-13
120
29
19
-41
-36
-12
8
10
16
63
34
31
-126
-85
-64
-32
0
11
67
36
14
-63
-47
-31
-3
15
7
] 
