Format: OHWI
Output Channel: 32
Height: 1
Width: 1
Input Channel: 64
[ 
12
11
6
-12
43
5
-2
-29
-45
17
-8
8
-49
26
42
-3
-31
-21
12
-2
17
14
7
-13
-14
-35
-6
9
19
37
-5
-1
-1
4
2
-45
1
-18
7
-9
29
27
6
13
-36
-25
4
25
20
23
28
19
-24
-21
-18
22
10
38
-29
3
13
17
27
17
-22
6
37
29
-37
-6
-16
-4
-14
49
-27
-10
-46
18
22
-8
40
-27
15
-5
-10
-3
-3
30
14
26
9
2
15
-3
-15
-15
-18
28
-24
15
-5
-28
-17
53
26
18
-20
-10
-13
-19
25
-26
-11
29
-17
-4
-15
-27
1
3
21
24
-17
2
-43
27
-10
13
12
-8
23
-19
-4
2
3
-6
22
-16
-22
2
-21
22
3
-7
2
12
-23
-23
13
-18
3
-26
-32
12
-19
-11
35
13
26
-4
-1
5
8
15
-10
19
0
5
-9
16
-24
0
-49
26
-31
6
7
-11
11
-1
-35
-14
10
-53
-10
-10
-42
-2
-7
13
-30
4
-9
-11
22
-5
21
-21
7
10
6
-45
-26
-34
-55
17
52
-24
-27
-41
-16
-1
24
-34
22
-15
28
-30
-11
-19
-11
1
-25
13
-39
-26
-21
16
-17
-9
-25
-8
19
7
-24
4
18
-10
20
-16
-6
-26
20
11
-28
-42
-20
-20
-5
-34
14
0
-29
-38
24
-18
-4
-47
-34
-5
32
-20
-33
6
-20
-12
21
-1
17
-4
-23
16
-4
-50
-22
-22
-14
-8
-10
-14
-2
-70
-9
-14
-1
2
22
-37
-14
-6
-17
-15
24
-3
6
-32
3
-44
-31
5
13
8
-10
38
-33
-2
22
-21
-10
-22
-33
-13
-9
-9
2
-20
13
-13
-19
5
11
11
0
-36
0
-11
14
-14
-9
6
-25
7
-36
10
-13
-4
0
-8
33
9
-27
-8
9
-28
5
7
-54
-4
8
29
7
6
-36
13
-14
0
-19
-20
-25
-26
-1
14
-2
-1
35
-33
-31
10
-26
-19
-17
-3
-14
-18
7
-15
-10
-4
20
-3
6
35
-2
9
19
-8
17
-17
-33
38
-23
-15
9
-29
-22
15
-13
11
-4
-7
10
-12
-11
-16
-13
4
-22
-18
-26
-19
9
10
4
4
11
3
-22
-11
8
-7
8
-17
-25
22
-3
25
-3
-15
-31
-59
-52
34
-1
19
20
-2
11
6
10
-29
0
-6
-24
-19
-1
-13
-36
27
39
-2
-13
-27
51
-4
-14
-20
-12
-10
-11
3
7
-6
23
-8
12
-22
-11
-31
24
-8
-19
-15
-54
24
5
14
11
-10
23
21
-8
-15
-2
-5
1
39
23
-22
-4
-7
-9
-11
-44
10
-46
4
13
-29
31
2
-21
-20
-2
6
-13
-10
-39
-8
-15
13
14
-11
4
-26
-8
-5
-25
-38
-38
28
-32
-16
-31
-11
13
-34
-40
-16
25
18
6
-15
10
-35
2
-5
-4
-7
-7
-26
-30
-39
5
16
3
-54
1
-27
-10
-24
-30
10
-63
33
3
-29
-17
-31
7
-17
7
-16
-28
-7
24
-60
11
-22
-21
-43
-22
-42
-17
-1
-8
3
-1
-21
-56
18
20
-16
-18
1
-13
3
-44
4
-6
-6
-16
3
15
-38
-22
-4
-16
16
56
10
26
-30
-1
-18
-21
-33
8
-35
-10
-28
10
-24
-105
-33
9
28
2
-71
-62
-40
-6
-51
18
-29
-2
-14
-20
32
23
-10
11
28
-16
21
-12
25
-21
27
10
-17
16
-6
-2
-21
-8
-14
8
5
3
-10
-2
-10
9
16
44
14
-49
-34
-21
-21
0
10
8
-18
-34
-20
-15
-9
-2
-29
-31
-37
5
-26
-1
-1
13
-1
-16
11
13
0
-7
-14
-22
19
-25
-38
-25
-34
-38
28
-14
5
-11
-35
-18
-8
-24
-26
-27
-11
-11
4
3
6
0
11
28
-12
-10
-22
11
18
-6
-11
-53
-27
-46
-13
11
39
-10
0
39
-17
23
17
7
46
-8
-21
27
-14
3
16
-36
34
-3
3
-9
-23
-39
-2
-38
12
-15
7
19
-37
-1
-22
-6
-34
-12
15
-11
10
-6
12
41
-6
9
-8
5
37
24
-11
16
-10
16
34
15
-6
-23
0
-38
-6
-21
-31
-1
0
7
-27
-3
12
17
1
51
3
-12
31
6
-3
48
-25
-18
2
-11
8
-9
-32
-32
-37
-11
-44
-36
4
-22
4
-23
-8
-11
14
19
-17
-3
37
12
56
-33
-24
2
13
-7
-13
-15
17
-20
-4
0
7
35
33
-41
-22
13
20
24
-25
13
-5
-19
14
-34
30
28
-13
14
4
32
27
-17
54
21
-16
-13
-20
-47
11
35
27
35
32
-11
20
8
2
-31
16
3
10
20
-26
9
-26
14
5
-22
13
37
-24
0
-18
-58
28
7
-13
24
23
23
24
27
3
4
18
-25
23
23
-39
-23
11
-6
-13
63
46
0
-2
-38
-31
-34
9
-6
20
0
-18
2
-16
15
-26
-48
20
-41
18
10
-45
-24
-7
-7
4
-14
67
-2
21
-14
5
-20
5
1
-20
-1
21
-29
-4
-29
-51
-24
-16
-19
27
-4
-27
-30
4
24
-8
-3
-21
-9
-4
-12
34
-15
-6
13
15
8
2
-24
21
-12
-31
17
-33
-38
-4
5
33
7
-45
6
-20
12
-1
19
40
-24
25
64
-13
-40
-7
9
57
-32
-25
-3
-38
32
-19
-31
-10
-8
-17
-23
-46
15
12
0
-7
-42
-9
3
-43
18
-43
5
-14
-29
12
11
8
-8
-26
23
8
24
-12
22
16
-5
4
3
13
-11
11
-18
-41
-38
11
-19
46
-10
7
12
11
1
-4
-32
14
-38
-35
-42
-57
-27
29
0
-3
28
1
-19
-6
-7
-1
-34
-5
-10
-15
-32
-19
-11
-38
-7
-35
-56
-11
5
43
2
-41
-34
-38
-8
1
-18
6
3
17
11
5
-53
-36
33
22
9
15
2
-2
-51
-23
18
-32
-9
9
-14
-11
-8
-20
2
-11
-7
0
-26
-14
-17
3
19
10
-16
-9
-7
-17
-1
-2
-85
-4
10
-16
-15
-79
-56
5
3
-46
-13
9
-10
23
4
51
29
12
-38
33
-31
-28
-1
-7
16
-35
-3
-34
-38
-34
21
8
-19
-13
5
-22
-11
10
-10
21
-31
33
31
-18
-31
-15
13
33
-34
-53
-13
13
30
1
7
-49
-40
-26
-6
11
-48
7
-38
-19
1
3
-18
-27
4
16
2
22
18
20
11
-86
-4
-13
-44
-16
15
-85
32
-16
-8
-24
11
14
-30
0
13
4
9
-46
6
-21
10
-47
-33
-8
-19
-22
-6
-19
-10
30
13
-25
-34
-43
-5
-27
-22
-44
23
-28
-8
-18
-9
12
-3
38
31
-11
-15
-8
-3
-14
-10
-26
-11
20
31
24
5
-24
-17
-22
11
4
3
0
1
-6
19
-58
3
-56
-36
4
-24
2
-12
-11
16
-23
-12
14
-1
1
7
-13
22
-21
-7
-22
-33
12
-41
-11
18
-14
17
40
17
16
11
22
-18
-20
33
33
-42
-4
17
-2
60
37
-26
-5
15
-11
5
-21
-32
-2
-13
-21
12
-11
10
-24
27
-34
3
-19
-2
-27
-31
-18
0
35
-27
6
-5
-12
-4
35
5
9
-21
-6
3
-23
43
-4
16
21
3
21
-12
-24
-47
7
0
-2
12
-47
2
5
27
6
-12
-14
-35
10
20
-12
-11
-11
-23
-34
-35
14
-4
-26
20
-3
-2
28
23
12
-17
26
-23
-16
-58
-53
-23
-45
1
35
-5
54
-13
-9
32
-6
-47
-11
-4
9
11
5
-18
15
-8
19
-32
25
12
26
19
27
20
-9
8
-7
-3
-2
18
15
-16
-10
-20
32
-23
10
8
-18
14
45
23
39
11
12
3
16
-22
24
-31
9
5
3
8
-21
0
25
13
12
8
-8
21
20
21
6
26
28
7
17
18
47
25
24
0
-8
25
19
12
-17
-10
-17
25
23
5
8
11
-23
0
-4
21
-27
-2
9
-19
-37
-18
-31
34
3
45
-35
-17
-61
-7
-38
-7
-9
-11
0
29
-17
4
-3
27
-8
-1
-10
-14
-9
-9
-12
11
1
-3
16
-1
-36
-49
0
-33
-14
-1
26
-31
-24
16
-20
15
-11
-11
-3
15
-4
-2
-53
4
15
10
-20
-10
-16
-14
-4
-9
-27
-4
4
-22
33
13
3
8
-12
17
-37
-21
16
-37
-29
-8
-25
-52
0
-7
22
-4
-7
7
-11
-4
-13
-14
2
2
1
8
-17
-25
-7
1
-48
-46
28
-25
2
-32
-27
-39
-43
11
-1
3
7
4
-31
-5
23
40
7
3
11
-18
9
27
-12
-47
-23
-17
-23
-13
-37
17
8
1
-17
25
-6
24
12
-15
11
-8
-26
25
-12
4
-18
-26
23
26
18
2
-22
13
51
-35
21
-16
-17
19
36
-25
-9
15
11
7
30
-33
-19
4
1
-10
-31
28
4
-25
13
10
-26
3
-45
-4
-7
11
-32
-20
17
-8
-9
-25
-17
-11
-20
-32
-34
-22
-34
-11
-72
-5
-19
-9
-8
-44
-7
4
24
2
7
-20
11
-28
-4
-45
-14
10
-30
-12
-14
-39
18
-7
-17
-48
-14
-27
75
6
-5
47
28
-3
-29
14
4
-30
-16
-11
-17
-24
-2
2
-14
4
-17
15
-1
3
-22
-25
12
17
-32
17
-27
-6
5
7
29
-46
-52
-36
-31
3
-2
39
-2
-40
-50
9
8
-8
-10
-21
-8
-5
-12
-2
3
-6
33
-13
-17
24
12
-24
11
-13
23
-18
-25
32
-1
0
-4
-10
-33
-35
-5
-22
22
-4
-1
-31
-36
9
-3
-15
40
0
-5
25
-17
9
-11
21
23
14
-4
-23
-13
-13
5
48
2
18
-13
-30
22
30
-12
-14
13
-22
29
23
13
23
-15
-18
6
20
-5
-3
-11
-2
3
-14
9
2
-33
-15
-1
-41
18
-1
-12
-30
-35
-21
-1
-12
-24
1
25
-15
-27
-3
11
29
-12
-21
3
13
-7
-18
-19
-48
21
-2
15
-2
-2
-1
-2
-37
8
-8
-1
2
-53
-18
22
26
-14
-23
-43
0
-23
2
5
-14
-38
-24
6
-8
7
-19
-34
-32
21
2
1
-1
-15
17
-59
-33
-19
-1
-12
-44
-6
39
-47
-8
66
13
14
27
-67
6
1
19
25
-36
36
12
3
11
28
-24
-20
-20
18
-8
-4
9
-34
-24
21
29
-8
-12
-19
-13
7
-4
18
-20
16
9
-14
33
-56
-30
-6
-11
42
5
-33
0
-33
26
-21
-29
25
-23
-14
-24
1
-26
-10
-17
-37
-2
-2
-12
-12
-17
-47
47
-7
-19
-3
-7
12
-4
21
33
6
-4
-8
8
10
25
4
-35
-9
-18
11
-22
-3
28
-13
-46
-4
15
46
1
3
16
-23
25
-59
-40
-9
27
-2
6
-42
35
34
24
-56
2
-25
10
21
5
6
2
-11
28
-39
25
38
-13
-17
-13
14
1
2
14
-25
-6
-29
2
-7
3
6
7
-9
] 
