Format: OHWI
Output Channel: 32
Height: 1
Width: 1
Input Channel: 64
[ 
17
-71
57
20
57
-42
-31
-11
-53
72
-15
-29
-88
-39
-89
-45
47
64
7
-49
-15
-91
-4
33
-32
41
15
6
43
50
63
4
-82
-13
14
-81
-25
-70
-54
8
-100
20
-24
17
-29
-41
-3
31
13
58
13
15
1
-126
-9
-14
-24
-9
-40
28
-29
34
46
-24
3
-33
24
48
-14
21
52
-22
-85
-2
-12
39
-57
-42
-32
-30
-14
32
-28
9
16
0
46
4
42
10
10
-10
-53
-12
-17
-18
-84
-32
27
-78
42
-24
-91
-25
-71
17
11
42
-39
-108
65
-24
11
13
30
-23
-48
-10
18
-57
-11
5
-43
-81
-35
-4
-7
-3
28
31
-7
-41
-16
12
-25
-34
-55
19
3
-13
-39
9
-8
7
40
10
-2
-48
-9
55
15
-28
-65
-27
-12
-7
5
1
-13
-29
-59
1
-21
-57
-2
-43
-24
-13
-10
20
-5
-27
-70
-64
-60
3
-17
-32
-20
22
12
9
-22
1
9
60
-51
-47
-10
19
0
32
12
30
0
-65
-22
-11
-9
4
5
2
-38
-8
-19
56
30
13
20
-17
-50
-26
1
12
33
-41
-101
5
-49
52
38
-21
40
56
40
3
14
6
-13
24
4
12
105
35
-25
-37
-83
52
-84
-31
19
-60
37
4
-51
78
-43
-36
-17
12
-60
-39
-38
-38
-11
18
-10
-18
18
-3
14
-3
-23
36
22
-26
51
-20
0
-38
-45
-25
-3
-1
-26
-56
32
-12
34
-6
-40
63
6
-34
19
-41
-13
-44
-17
-20
-8
21
97
11
-26
-48
-19
90
74
13
-14
10
-22
-2
17
-15
-44
15
-64
13
-18
-26
22
-19
8
-101
-22
-13
-122
11
-33
-37
97
-11
16
-51
7
42
4
1
10
-21
-50
7
25
-28
-8
70
19
7
90
3
13
19
3
26
-23
-14
-40
-27
32
-22
-13
5
-15
0
94
-52
-75
-41
16
87
41
-26
21
41
-11
-41
-38
18
17
13
-83
26
29
-20
-10
5
14
2
-45
20
-65
27
-14
10
-46
-17
-13
69
62
-35
65
57
19
12
-45
-59
79
-8
-10
95
-9
-29
-24
-31
30
-21
7
71
-19
-10
98
1
-10
-40
11
82
-126
40
-11
72
31
-74
15
-100
-37
-10
31
127
10
-7
-12
-18
13
20
-3
-21
58
-80
13
-56
47
30
-4
-21
-33
24
-102
60
-26
-54
-44
-36
83
71
58
-18
-44
-79
-35
42
10
12
-39
19
57
47
49
-47
-52
-12
-41
-2
-28
-14
-35
-71
-103
127
23
-10
-28
84
-34
-14
-34
-18
62
38
-16
-6
70
-63
-123
-73
-45
-9
33
45
-40
-26
-79
23
0
-24
83
22
63
-74
-44
5
8
-25
67
12
-78
3
-37
74
2
-43
-52
-62
40
-40
-3
-18
0
12
-29
10
109
-12
95
-18
-4
-16
14
-39
-31
7
8
63
41
-56
-2
-1
23
-56
22
21
-26
102
-127
-29
-6
-58
5
24
23
-1
16
13
-34
9
21
-51
-36
30
-16
8
-72
-36
-102
-31
-17
-8
38
-15
11
37
1
-34
-44
7
-23
10
-99
13
100
-11
-39
-18
23
29
-13
32
34
-37
13
-52
-62
-18
-15
15
37
-61
-79
17
-30
-25
4
-51
-64
11
7
-2
-13
-1
36
-12
-2
-8
-37
-30
-29
7
-20
-27
43
-50
-28
15
6
-3
-15
52
11
-7
26
-84
-40
-30
-43
39
11
92
-24
-31
22
-63
14
-60
-78
-57
-33
-53
-2
-25
14
0
97
-30
38
-5
-52
-37
-8
15
21
-125
-21
37
-24
-26
55
-78
11
54
-82
-13
-35
-16
41
36
7
13
-52
-44
-51
78
3
-24
31
5
-56
-17
29
-96
-97
3
-45
-81
-4
-24
-63
-78
42
-50
2
5
69
-40
-34
-42
12
-26
-37
19
28
-31
-32
-45
-30
-31
28
-62
-60
33
-59
26
23
-40
14
46
68
-27
-15
58
-46
20
45
-10
7
-43
-20
-65
-17
38
-71
34
-36
-64
7
-22
-1
-13
-52
-42
-61
-25
22
-87
17
-45
28
-12
4
-42
-13
-15
24
-36
-34
-43
-14
-66
85
20
25
-32
8
25
-6
4
12
-12
-47
-20
-36
-9
-4
-43
-12
-14
-14
-38
-56
-56
15
-45
-12
-28
92
-46
11
-77
-41
10
68
-58
5
-37
-8
-36
-17
-22
-33
-49
-10
-114
-26
-52
-37
11
-24
-36
43
-8
-97
-4
-15
-65
1
-21
9
-64
-4
31
-29
-84
0
-15
-25
51
11
1
-109
-92
-12
15
14
-51
9
-4
34
-123
-9
-24
-12
82
-4
-87
-23
5
4
-53
62
-48
-17
-14
16
19
-21
32
-1
9
18
7
4
29
74
40
-12
-65
-1
-26
37
15
-32
79
-27
-42
-46
-39
31
13
36
0
47
28
-6
-48
1
-9
19
27
0
-55
41
21
-31
-21
-8
2
28
97
35
6
-80
-52
-24
-88
-54
-127
-4
-37
21
-55
38
1
-21
18
-13
20
9
-29
-31
-55
-15
19
-1
-88
-17
-8
-127
-21
1
113
-16
-33
-27
6
15
-33
-26
-12
48
11
-23
22
-10
-24
-43
7
-46
25
-5
14
-16
-48
-45
19
-53
-22
41
-53
-4
9
47
-2
-1
-7
6
29
-21
-64
35
-37
-19
29
-81
56
61
-31
4
-40
-18
73
-63
104
-97
-5
3
-87
-8
-44
-4
-38
-17
17
-14
-9
74
-6
83
6
-29
5
-42
52
-66
-37
56
-15
22
-59
62
40
4
-42
26
-2
-41
-43
42
-19
-15
-29
41
54
-8
-44
22
16
5
-22
-122
70
-51
27
41
-48
45
28
60
-23
26
30
-3
51
38
14
36
-5
16
-15
-37
34
-79
49
-12
1
-56
19
-96
30
-1
6
-37
17
-22
-26
24
-64
0
48
14
34
4
-87
-2
9
15
-42
59
2
-35
-35
-101
40
-21
-18
3
6
35
-1
-2
16
25
-64
-50
25
-90
-46
9
-25
15
26
-26
1
16
58
-24
-11
-53
12
10
41
-1
-50
48
-20
-82
-14
-58
-69
10
-16
-18
27
16
-81
-32
-28
65
-38
-13
19
-16
25
5
-31
30
12
20
0
-9
-12
-14
-29
-22
-22
-24
27
64
33
-122
4
25
-24
37
5
29
-42
-4
-127
10
-6
-69
39
-20
39
35
-32
-89
-8
-20
-18
-57
7
47
-7
-64
24
-3
-127
21
-37
-5
20
-40
-35
-1
-52
-29
-5
-51
40
1
-66
1
-74
33
13
-72
-74
-4
1
28
-17
4
28
22
-22
-29
-28
6
-53
-56
-56
-18
-9
-7
-8
57
-72
38
-23
26
39
0
-12
-104
-44
37
10
-9
-94
11
13
-27
4
-21
21
-37
-21
-64
-12
26
23
22
16
8
-12
16
8
-2
27
67
45
-17
-127
7
19
-60
-77
37
-57
-56
92
-16
-46
-14
40
-30
23
9
20
-55
-28
-14
-72
-69
42
25
35
-12
-30
14
40
26
-11
-80
11
-42
-66
6
-80
-58
6
-22
-34
-18
-6
-29
-9
19
30
-127
8
-62
-28
-41
18
-62
-23
0
-126
-91
104
27
48
-57
25
18
-33
-12
-42
-32
-6
20
-5
-75
13
-83
4
-9
-11
11
-29
-25
48
-14
12
-64
7
-13
-41
-3
25
59
21
-26
9
-47
19
41
-31
-21
-26
-39
5
-3
-65
-83
-10
-31
-28
-79
-39
-46
-25
-35
-23
-24
26
33
-46
4
-58
-51
11
27
16
14
21
30
4
29
-54
23
15
23
69
36
-23
-18
-32
19
5
20
40
-66
1
-7
27
33
18
-28
38
-24
-35
-24
-19
5
16
10
-16
-29
-1
37
8
-2
-15
-27
4
32
8
-6
-14
-45
-4
98
-18
-42
-103
-25
22
13
-4
33
-89
33
-24
-17
13
2
-79
-50
-18
18
32
-7
-6
9
2
69
-3
-127
15
26
-14
-15
-36
2
-41
-44
8
-81
-41
-4
12
66
-6
-2
22
1
-10
-52
-53
7
-44
37
-19
-96
24
-3
18
4
-31
-15
30
19
-7
58
-82
-4
28
37
3
18
22
-2
-2
-111
22
-51
38
33
-10
44
-13
-21
-24
-17
-45
-46
-15
-112
-20
-53
-48
-7
-18
-51
12
36
-103
8
-11
46
-31
73
70
3
-22
-68
-25
-14
-60
39
6
15
-47
21
-96
40
-80
-25
-19
-79
33
103
93
44
12
-35
43
-18
93
-8
-22
-11
4
-32
14
-35
-16
-13
2
-56
29
-17
-23
99
-18
-53
-114
11
-36
-42
0
-48
-27
21
12
22
6
4
11
-4
57
-26
22
-21
-5
-83
-7
-26
-37
-68
40
25
6
-4
29
-5
0
-10
-3
23
63
26
-58
16
-54
7
7
-30
-45
-77
10
-11
-86
-3
-64
-64
24
-35
9
-25
10
-53
-75
57
-27
11
38
-8
67
-30
-14
-7
-27
34
-36
-58
47
-16
45
-12
2
35
41
-12
-57
17
42
-66
24
15
22
52
-40
15
-16
-52
46
20
-14
-59
-39
15
49
23
-50
-50
-14
-27
-5
6
-19
-44
11
9
-56
-25
-6
48
57
26
-95
33
54
6
-35
-10
46
-58
24
12
-80
-51
-11
-28
-8
-30
-15
-36
20
-1
48
59
-121
-55
22
-49
-24
6
43
14
-12
-12
18
-12
-52
22
10
56
-49
6
19
-3
20
-38
26
42
-59
22
46
17
43
48
-3
-18
-56
-45
4
58
14
36
-8
23
30
56
-13
3
5
15
44
-26
29
36
-20
26
21
24
-5
-17
0
-8
22
1
-78
-30
29
1
-41
3
-37
41
-10
19
-23
14
-49
-62
5
-9
-23
-51
-60
-47
26
52
1
-85
-127
-31
17
53
39
32
-5
-19
-85
-10
-18
-12
-24
-72
-118
30
64
0
16
23
-16
52
53
56
55
-45
-36
-13
41
-30
-42
-25
13
-8
66
-20
-47
-18
-21
-27
59
3
-24
-46
-12
37
-35
-69
72
-15
-54
-19
-49
-18
6
-48
-48
23
-22
47
-62
-21
-11
-49
-92
30
80
85
32
1
-64
57
-127
-91
-25
-20
14
-106
-30
30
-25
28
-38
-44
-6
17
-14
-24
43
37
-30
-20
-99
-67
-68
-69
-75
58
-83
-10
-17
40
-41
-24
8
-19
-4
-1
-69
62
3
19
44
57
49
0
46
1
-3
-43
1
-29
-25
-34
-59
32
-10
-7
13
-68
27
92
62
59
-10
27
-22
45
-62
-57
-18
-69
-56
-26
42
-81
-15
34
-32
-14
15
9
-4
-76
27
-48
-12
45
17
21
-127
-127
-16
-24
99
-17
-34
42
18
4
58
-33
-3
-19
1
8
18
-20
79
26
-44
-59
-49
-102
-49
-37
-1
23
-53
-11
12
11
25
-61
-82
16
-22
11
46
-58
9
108
7
-25
6
-35
-17
-9
14
9
-103
-47
-1
-1
16
-16
-26
-11
45
-121
-6
-4
-11
67
95
21
-11
-41
16
-44
-72
28
1
-127
53
-16
-23
62
-36
] 
