Format: OHWI
Output Channel: 64
Height: 1
Width: 1
Input Channel: 64
[ 
-11
-11
-5
39
-30
-13
-20
59
-36
-6
14
20
-31
-23
25
-1
-6
25
18
-12
-17
-3
-3
-8
-13
24
12
0
-7
28
20
27
-18
53
24
9
-8
-28
8
-8
3
1
-51
-29
-7
-34
-6
-6
-5
-8
-23
-22
-23
-31
8
-1
24
-21
24
-35
-10
-22
31
3
13
19
1
0
-20
-3
24
2
5
-8
9
15
-14
-30
-20
24
-1
0
4
-34
-7
16
-4
-2
3
-1
-34
18
-5
30
62
-30
6
-13
-18
3
-13
8
57
-1
-19
-41
-23
-11
-5
-7
20
-29
-9
-19
-36
29
-14
-26
-5
-11
17
11
2
-10
25
11
-15
-55
-27
-5
8
-31
31
-3
-16
-25
-3
-13
0
-24
1
2
-20
-18
-24
-18
-22
42
-14
-5
-9
-2
-26
3
-16
15
-13
-5
-5
-9
7
-1
-35
-19
-25
-1
-1
2
-40
10
-32
-7
-14
28
-9
3
-26
-15
30
-34
19
-12
-9
-24
-23
-21
-28
-26
9
10
-28
-12
-13
-24
-2
-1
-5
-49
-19
-4
-40
7
-10
-44
-17
9
-30
-36
5
-23
-18
51
-22
-16
32
-18
12
10
7
14
-24
-9
-11
7
16
-43
-14
21
-7
-16
-15
49
16
-7
11
14
-28
13
4
-12
13
22
-31
-8
47
13
-14
-19
-6
-54
-28
-3
-4
-4
-2
-21
41
7
1
3
48
-16
25
-12
9
-29
20
-10
30
-5
-27
3
-38
11
21
-26
2
-17
-4
-2
63
-2
10
-49
22
1
-30
8
13
24
-7
-14
-3
23
0
-57
-10
-37
-21
-48
-22
2
25
38
-12
-2
24
0
-42
3
-8
-8
0
32
7
-12
5
21
17
-4
-32
-18
-8
-11
15
-49
12
-7
4
1
-10
-23
39
-41
-36
-3
14
-25
16
-19
-4
-14
34
9
-37
-9
-15
1
-24
0
-19
3
-4
-34
0
19
-10
7
40
-22
29
0
-4
-12
-37
0
1
-8
5
-3
6
5
20
-15
12
-10
12
-20
-2
32
27
-27
-3
-19
29
-44
21
-31
-3
-49
-25
4
-38
-8
-6
29
-17
19
-13
-12
-18
-21
10
-3
-38
-5
22
-22
-17
41
21
-5
-34
0
26
6
10
63
-33
-42
-9
66
-13
-15
-9
11
34
32
9
-39
-1
-22
-43
25
-7
24
-12
70
-10
11
12
-19
-40
-19
0
-11
-4
-1
5
20
22
19
10
52
-30
-7
2
-35
21
9
-10
35
6
-1
-28
-4
-9
-2
-21
-7
-26
-8
1
-26
-1
-12
-13
-47
-20
-4
-1
60
-7
-24
-7
3
10
-5
-6
-26
47
-20
19
-20
-20
-48
-31
-11
-13
2
-16
-27
-8
36
-7
15
38
-17
-16
18
2
-8
-9
-10
-9
-12
-38
22
26
0
40
-14
30
4
-2
17
10
7
21
10
17
-23
1
-11
-5
-4
4
-44
36
-10
10
17
21
18
-13
39
-7
26
-1
45
18
30
22
31
15
27
8
-13
28
-23
16
-21
-27
2
-19
-18
13
35
-4
-6
3
12
11
38
-5
12
27
17
-13
-42
-1
15
0
-3
-23
19
-30
-3
8
22
36
32
-2
-30
-37
21
-8
-15
-8
-8
-7
-17
-15
8
-6
-7
16
-40
-12
-27
-35
-35
31
-10
-28
0
-46
13
-14
-8
13
23
-24
32
-6
11
-32
-4
2
-20
28
0
-1
-14
0
46
7
-17
-26
1
-13
-5
-20
-13
-14
3
-5
-16
-38
5
19
-26
-17
15
-3
2
16
-4
3
0
-35
-2
-24
13
-26
-19
-19
-4
-3
-11
12
-9
-7
12
-20
-1
-14
-29
2
6
-25
-11
-15
-4
7
-9
27
-31
-13
-17
8
-22
-44
-31
4
31
-9
-1
-9
-17
-23
-7
-7
-27
10
-14
-10
0
-10
1
-19
-9
-3
-7
-25
-14
19
-8
2
18
0
13
-26
8
-29
-32
-11
-4
-27
-9
9
-4
-9
45
-5
-28
-33
-6
13
-36
8
-19
10
8
6
10
-11
-29
-13
9
-21
-3
-12
4
-11
-15
4
-19
9
-45
-39
4
-46
-30
-32
-17
22
15
-18
7
11
-15
-21
13
-2
15
1
-6
14
19
-2
-10
9
23
14
-8
-31
9
-9
47
-21
9
22
-7
-32
-33
-36
-18
-10
-23
-8
-25
-5
-15
1
-17
-29
-3
-25
-26
-13
-23
11
-16
8
9
-22
-29
-18
34
-19
-1
38
3
7
4
17
14
10
-32
-14
-30
33
12
14
73
-3
7
-20
32
-53
1
4
-12
19
-18
-3
-40
4
73
6
-14
-39
26
38
-50
12
40
-8
-17
-11
28
12
13
-12
-17
4
2
-11
29
-18
7
-11
2
48
5
-10
-10
24
-20
12
-24
-3
-34
-24
-7
-34
31
-3
6
40
1
8
-8
6
8
-37
8
0
-15
-11
-24
-14
-5
-8
-5
-18
10
-9
-49
-4
-7
-6
-38
-17
-26
12
8
-8
-2
-27
39
0
28
-10
22
-27
-1
11
44
-7
-14
-2
-41
63
12
-4
-11
-37
-13
15
-6
-11
-23
-3
0
36
23
14
22
39
-20
58
-27
42
-36
-1
-52
-1
-5
8
17
-24
10
-8
-1
-37
21
-25
-1
10
-29
39
14
-11
11
1
-39
0
-24
-31
-15
-22
-26
-7
-8
-37
-28
1
-1
-26
-20
-9
-10
-23
-1
4
16
-15
-31
-18
-1
-7
-27
-4
-9
10
-5
-3
-6
12
3
-10
-6
18
-10
-36
-21
7
-32
-10
-21
8
-12
50
-61
-26
-27
31
-15
-19
24
-12
-26
4
-10
40
-20
0
-23
19
22
15
0
19
-58
7
-33
60
-26
-12
-56
-45
-14
-18
-14
11
31
-8
8
-29
24
12
-37
24
-2
-32
1
0
0
-12
-11
32
4
8
-13
-11
-16
26
-37
2
3
84
52
-8
26
-1
5
40
11
-23
-20
-22
10
-1
-50
6
-22
-31
-11
2
8
-4
-5
-9
-4
6
-3
-8
-17
20
4
-71
-15
-3
-3
-38
-22
12
-39
-4
29
-38
-3
-19
3
-12
17
4
-30
-18
13
13
-7
-11
-16
-22
66
17
29
17
-16
-22
58
9
17
51
-21
8
-19
-8
-6
5
39
-17
15
-4
30
-1
-3
98
0
16
0
7
-30
-13
4
19
19
11
36
40
45
5
12
39
14
20
2
2
-52
-6
22
0
-58
-6
19
-5
23
-33
20
18
-20
-30
1
-8
10
-16
27
-4
-3
-16
-6
24
10
-43
-10
-21
4
-3
5
1
20
64
-18
21
-20
27
33
-12
1
29
-5
-36
-16
-19
13
-21
18
9
-10
-7
53
-25
-55
10
2
-25
-22
-18
-15
-16
-2
24
-31
10
13
26
10
-49
-30
28
35
33
-43
-19
-36
65
-1
-9
45
8
-73
1
-56
9
10
-3
10
-6
25
19
-4
18
2
-12
29
1
11
-48
35
-25
-54
0
-6
15
-8
-31
-17
-13
7
-10
1
11
14
8
-39
-27
34
-13
-13
-11
15
-20
-4
31
3
45
-3
1
3
24
-6
-36
3
32
13
30
34
5
48
8
2
-15
20
-22
-11
42
-13
30
6
-1
0
26
-39
2
-2
-8
-23
-18
-3
58
7
-16
-18
-31
-1
-32
-37
-2
22
-15
-2
9
10
4
-41
-9
-12
-11
11
24
-36
-24
-9
11
5
-13
-13
24
-29
-3
-4
1
-2
-11
24
9
-11
6
-11
19
-26
50
-9
-38
8
24
-27
-3
-7
25
1
-9
20
-2
-5
-11
17
5
12
16
-9
7
5
-34
-12
24
-28
29
-2
-23
-22
-16
2
-6
-27
-11
-29
12
-37
-6
-5
-21
5
-38
33
-21
15
-32
-5
7
-12
0
-5
8
-34
-25
-16
-1
6
-5
-32
3
-22
13
-19
-15
13
22
4
6
10
2
-22
14
-22
-8
2
-31
-43
7
3
-26
11
-18
-6
-22
-27
15
-4
13
9
4
13
39
-29
-11
15
-8
14
-13
-12
-11
15
-14
-41
-45
1
-2
5
2
55
-2
-4
-40
19
-1
-40
-1
-29
-23
19
23
-50
-26
6
-6
-23
-10
-55
-13
-5
-4
-5
-21
5
-34
31
12
25
9
11
-7
25
-18
-1
56
-10
27
-31
5
-22
6
33
-41
-10
-8
7
-20
14
12
26
25
-8
9
1
-9
27
-23
6
-22
2
-21
-19
41
18
10
10
-23
-18
-12
13
12
-20
18
-29
-5
-24
-40
1
-11
14
11
3
-25
-5
-12
16
26
47
12
-32
-19
-9
-7
7
23
-30
24
-15
-29
-14
-4
14
-8
1
15
-6
41
7
11
5
44
11
-19
-44
-41
-22
-36
6
-30
9
29
2
0
-27
0
0
-53
-46
6
-16
-46
30
-24
39
-8
-7
-4
-5
-1
4
-11
27
0
-27
-33
37
20
14
1
-31
-16
2
11
-9
-7
11
-21
-19
-10
-9
-7
-7
-44
11
-19
-38
-8
4
18
29
17
-10
25
33
-3
-15
54
19
33
-7
1
-22
4
-15
-10
-8
34
63
-23
-27
-14
-22
-15
12
9
46
6
6
-17
36
-20
-3
-17
26
8
4
-21
45
27
26
-35
-26
26
-6
-29
-40
5
3
0
-14
-6
-2
12
30
-20
3
-25
-25
-16
14
-8
44
-6
0
13
-23
1
-34
3
-8
23
12
17
7
40
-7
10
-29
6
-6
38
13
-5
57
28
1
-11
-19
5
14
-33
2
46
-11
7
-33
-15
-12
-51
-2
-10
1
18
36
0
34
-4
-15
-30
-16
-1
-6
-27
-2
-23
22
-15
-48
-10
4
-8
7
-35
8
-2
77
-49
10
-3
3
-8
-3
-25
-6
16
39
-31
5
-3
-30
-16
-26
23
-14
45
-39
34
17
-38
-18
26
43
-10
3
34
3
47
-42
-18
3
12
-25
-7
16
-17
-20
9
76
-6
63
-16
-7
13
-14
31
16
30
22
2
-40
-26
-69
13
1
20
-5
-27
-1
-19
-19
53
-5
-35
13
-32
1
11
36
2
15
26
1
3
6
12
-1
-2
9
-4
-43
11
29
35
-1
-7
-21
-2
19
-10
41
-13
-11
2
-12
2
15
28
4
16
-29
-14
-24
20
0
-62
-4
-10
-26
-10
-1
-26
26
1
-19
16
-17
-45
-7
-42
-5
-15
6
-2
2
-79
-27
47
-4
34
-15
50
29
14
-15
64
-51
-34
-10
25
21
-4
-10
32
49
13
-4
4
-5
33
-7
5
-2
-15
-32
-11
-15
-15
-14
-3
7
-23
15
2
-2
-26
-3
-31
1
20
-19
10
12
-5
30
-3
14
19
3
-41
17
-6
-12
-41
10
-12
-35
-4
3
23
25
-40
-14
28
53
-23
16
-8
-14
12
-23
-20
-10
-21
5
20
-2
18
0
37
-17
7
-27
20
-29
-35
27
19
7
-34
11
-2
57
-28
3
4
-34
-49
21
34
-12
-31
-2
-8
11
16
-14
5
7
-2
25
-42
-26
25
-55
-40
21
4
23
78
5
-1
3
-44
1
0
0
-13
-6
-1
2
-24
16
-30
-2
-18
-6
-14
-14
16
-13
1
6
3
5
-20
-28
-3
-10
12
-21
45
-24
-19
-8
-9
2
-20
3
9
-9
-37
-35
-5
-14
-12
-2
-15
-16
7
-6
22
-15
9
-32
-8
-13
-4
-27
-12
-13
-32
-6
-12
-12
-11
-10
-1
-29
-39
8
0
0
-10
-5
3
-3
-5
19
31
22
-9
1
-6
21
14
25
-43
7
-42
-13
-13
-17
53
20
15
-5
-14
4
9
-37
10
-3
18
-19
-3
9
-21
-22
-45
11
6
-25
-5
-2
-28
35
-25
-38
-12
-8
8
32
-43
-25
-25
-25
-33
1
-13
1
-14
-12
8
-17
4
-13
3
-22
16
-25
-53
-8
24
34
28
46
11
-3
-6
-27
-2
37
-56
-42
-38
-22
5
28
4
-16
-3
34
21
-33
-12
56
-47
-33
10
20
17
10
-36
45
-10
11
5
-10
-8
-3
-14
8
-9
27
2
15
31
-4
13
-29
-7
-4
-5
7
-3
19
-73
29
32
43
-21
-12
-29
-73
0
0
-74
12
-16
-7
7
43
-3
36
-32
-20
-62
49
-4
-13
-37
5
-12
9
75
-9
3
-5
41
10
-11
-18
54
-7
-26
7
38
-36
-7
8
14
-5
1
9
25
-31
11
-1
14
-40
13
-27
-30
-5
-51
2
0
-9
32
20
-37
-45
-23
14
7
-9
-12
70
-5
-5
22
39
-29
22
29
-2
-13
-1
-27
-31
8
-2
-11
-8
7
-25
5
-8
-33
10
-1
12
10
12
19
-10
48
-2
15
7
14
-32
15
2
21
1
10
-36
-1
-22
15
-34
-18
-15
17
-21
-2
-10
3
32
-2
-7
-11
-54
16
-8
31
16
34
21
28
-10
-29
-4
0
13
6
15
3
-10
-4
1
35
-12
7
-6
-31
32
32
-13
-7
-5
27
4
-23
10
15
-2
13
-50
25
9
57
8
4
32
3
19
-11
-33
-28
19
-3
2
16
35
18
-4
27
-18
15
-1
18
24
13
20
-10
-7
59
-22
-8
-1
-30
-11
-5
18
13
18
18
-19
-18
-40
-2
26
-1
21
26
17
-38
68
-18
0
31
-21
26
-21
17
-4
10
16
1
29
26
4
14
2
-39
-28
17
-3
8
14
54
-11
0
-19
-31
-31
-14
-15
8
14
-63
38
9
-12
-24
15
-18
-4
19
1
-18
1
7
-30
-7
0
-31
-22
-13
-9
-45
-35
-39
-10
-12
-12
-15
-27
5
20
-14
-6
-12
-6
-25
13
16
16
-46
13
-32
7
-43
46
46
5
7
-17
-15
50
43
-3
-11
3
-5
30
-40
13
40
34
15
-44
-6
15
29
-30
-22
-14
6
-21
-5
-81
52
-2
-9
-8
-30
-12
15
-35
8
-21
-11
21
4
2
10
-27
9
-4
-19
-5
-42
-7
-26
-2
-14
-35
-30
-16
-8
-8
-22
21
-18
27
2
22
19
-9
3
-18
3
-31
7
-31
-29
15
4
-47
3
-10
5
-7
49
28
-27
15
-27
16
4
-20
-2
11
-11
20
-14
-36
1
1
0
26
-7
0
15
1
-49
46
30
31
35
-1
58
10
-6
3
8
-4
-12
-31
10
-28
1
-15
16
24
-33
-1
7
-5
-33
-60
8
35
12
4
-20
14
-25
32
21
18
-31
-7
36
-16
-14
10
-64
0
13
-14
7
13
18
15
32
0
23
5
0
17
4
-21
-16
-15
6
33
-17
-12
-13
-18
-30
-25
-33
-30
23
-6
-22
-23
8
11
22
-13
3
-20
-32
-22
-9
3
-10
-41
-3
-17
-4
27
-18
-9
-20
-42
9
1
11
-4
-25
-18
15
-23
-19
-4
-3
-16
17
-20
-31
-21
36
-4
6
10
64
14
15
1
-17
2
46
-15
13
33
-15
17
-16
7
32
14
-20
-20
-16
0
-5
8
6
-12
-5
55
9
2
4
-1
32
0
26
65
-10
0
-1
14
-5
-25
19
8
12
-30
-21
6
-11
42
32
-47
-23
-17
-2
35
-10
-10
-24
-15
-4
-2
-24
-24
-39
6
-36
13
-3
-7
42
4
-33
-7
-8
13
-20
-20
-38
25
-15
-9
-13
1
17
47
-3
-6
-10
8
-7
-38
-18
11
4
-4
-20
-29
5
-14
-18
23
-1
4
1
93
25
35
-3
26
14
-2
49
-13
36
16
-23
2
16
-13
9
1
30
-1
2
47
22
26
-9
-12
35
-28
-11
-3
20
-2
-14
-5
-31
-14
-1
1
-3
-12
21
-6
-18
23
13
-6
-4
6
16
-2
-26
-16
-44
5
-31
-7
5
-5
17
-20
17
-10
-14
-15
12
-45
-16
-5
19
16
7
42
19
2
-37
20
-30
-30
-14
-33
-31
-25
-7
13
15
9
-9
-2
14
-6
-32
-14
-23
20
5
-6
-1
-32
10
-16
-32
-9
-33
-14
-5
11
7
-9
-35
30
-8
-2
-10
-4
-22
-21
11
-3
-22
-10
-8
-34
-15
-15
-24
12
-5
-8
-11
-38
-48
7
7
-23
7
-5
-7
-56
1
-13
1
11
-7
18
12
21
-31
-11
-6
-12
12
24
-20
4
-20
-15
1
-5
-7
28
-10
-12
-15
-48
-40
30
20
-27
24
-9
41
21
18
10
-27
-38
-63
-11
-8
38
71
-17
12
-18
48
-5
-9
-49
-15
2
-18
12
3
-41
-34
12
20
74
3
7
33
-17
47
-41
-1
1
8
-46
-22
-3
-8
20
6
9
23
-24
28
-40
-12
22
28
6
-19
6
-10
-20
6
39
-14
-4
1
-15
13
17
5
1
-32
14
-4
6
18
29
-28
-3
-20
18
17
12
2
-24
7
-2
21
-14
-4
-41
-10
-4
-22
5
-22
-22
-18
-4
2
-23
19
-3
-9
-37
19
-7
-15
-24
-20
-5
-21
-29
15
12
-43
10
-31
-10
-25
-36
1
-31
21
-28
40
6
-62
-1
34
-34
-21
-7
0
-12
31
34
-31
25
7
11
-36
-43
17
7
6
31
37
8
-8
-46
-23
4
-32
8
8
-44
10
-5
-12
34
18
-53
-14
-3
53
-32
11
25
41
-60
30
-7
7
6
-3
-28
13
-18
-6
6
25
-1
2
-34
-5
-15
-38
-3
23
22
-14
-35
-1
-37
7
13
51
17
17
-44
-8
-62
18
21
-14
41
-11
6
4
-27
-12
69
17
-3
29
33
3
17
-45
66
32
10
-32
28
45
67
58
3
-50
-1
-2
36
-1
-45
-26
-14
-1
-17
-4
-64
-1
19
-16
9
-35
-25
26
28
-34
-5
-14
-4
-29
13
13
-45
-26
4
-15
2
-4
-16
33
9
-1
-16
-30
2
-15
9
-11
-18
16
-29
-10
12
21
-11
-33
-12
4
8
-19
7
-1
-39
-12
2
-13
-44
-4
4
-22
-16
4
21
-3
32
12
-2
29
-35
-12
-23
-23
-11
-45
-3
8
-33
21
15
-25
-37
-8
-23
-1
22
-1
-13
26
31
13
8
55
17
1
17
4
-13
-3
8
24
-23
41
6
3
26
-6
-11
-16
-29
31
-5
-6
3
-2
-17
11
-3
15
7
63
-2
4
-25
-28
-8
-15
16
-2
7
17
51
0
15
-2
-6
38
31
36
-16
33
-11
-10
-9
6
1
-3
-3
12
-15
-49
20
10
3
40
54
29
-6
-38
-35
-1
7
-19
-43
25
-16
13
41
-8
-2
-31
33
-28
9
25
-1
5
26
-12
37
27
-43
2
-3
17
-1
-48
-46
6
21
51
-24
-9
-25
-26
2
-10
25
13
44
-13
19
51
3
0
54
-4
-12
-38
-41
17
-10
29
-23
4
-9
5
-35
-18
-31
-20
-38
-30
-7
-43
-52
-13
11
-27
35
-23
-15
12
-23
-32
17
19
6
50
4
-29
-12
34
-3
27
-23
1
-31
1
32
22
-11
39
-12
1
-16
-9
-4
6
-40
-30
1
-12
-1
8
-33
-8
-2
-23
-1
-10
-16
-27
-26
-1
-8
45
36
39
-7
-8
16
-26
-7
-1
25
-3
48
1
12
-3
42
-10
3
21
-40
30
-8
-11
12
17
-31
-12
-20
1
-18
-9
-40
-18
47
25
-17
-18
-24
-27
-31
-10
-15
-35
35
33
57
10
44
1
-10
-4
-33
26
-38
10
0
31
-3
22
18
-36
17
42
9
-5
19
-51
38
9
-6
0
58
29
-13
-18
-20
-9
7
4
-49
33
48
27
32
-31
0
6
0
-9
24
59
-15
7
-21
-17
-20
31
-36
-21
-31
1
12
-31
40
4
18
-1
-26
-2
29
-59
3
-14
18
-8
-14
-30
30
20
-5
-44
-10
-3
-47
15
11
-19
42
-1
-6
1
-20
-18
26
-19
24
-3
0
-11
-7
7
-2
-5
5
-23
3
-3
-9
-3
7
1
-12
4
-32
-15
-4
-9
11
-2
10
3
29
-35
-14
-10
11
33
-21
6
-39
-8
-6
21
-22
29
-40
-17
-44
-47
-4
36
-6
-27
33
-30
6
-11
-27
-14
-37
30
13
16
15
-34
-3
11
-31
2
-12
-9
-6
36
24
-9
-35
-6
6
-23
-7
44
13
22
-5
-49
6
-13
30
18
-13
2
-45
-16
-49
-32
1
-4
-5
-17
1
-26
6
30
7
-15
1
20
23
-28
25
-44
-5
-7
-20
29
-13
6
-30
4
-39
23
-30
-11
8
43
1
4
-24
-41
42
27
-8
32
46
15
7
-18
-33
-2
29
56
-1
12
-9
-3
22
-2
22
16
-9
-4
-31
73
4
-24
17
19
-21
21
5
2
23
20
41
7
-5
12
-1
11
-41
15
-6
12
12
-10
-23
-26
-8
-21
45
-18
28
-29
24
-39
32
11
9
51
-16
-38
-55
61
-2
-10
18
43
-6
8
-6
-2
-11
31
0
12
-36
10
7
71
-25
-20
2
38
-14
-53
25
-21
5
15
-10
52
38
-13
-13
-13
-9
4
-76
5
-2
-19
-25
-1
-20
-1
3
-5
-18
33
13
-47
24
-37
-11
4
-15
33
29
-3
5
-20
-5
53
10
-10
-13
-15
-17
1
-32
15
24
4
11
3
-26
1
-15
-11
-4
3
-26
-40
18
24
-7
4
0
-26
-14
-9
20
-2
-7
-19
26
-32
2
-5
-8
-11
-16
-30
-36
-15
-6
6
-13
7
-67
-9
47
-13
15
0
16
-36
38
-9
-5
28
-36
9
3
12
-16
64
3
-12
17
19
-19
21
-55
0
38
-15
20
14
-1
30
-23
-3
-9
-24
15
-25
3
-4
28
-12
7
-7
-14
5
9
8
-14
15
-49
-44
-32
37
13
-25
30
-21
-45
-22
-17
5
0
-17
-16
-5
42
-17
35
12
-9
-47
12
-20
18
-11
-16
-5
-6
-2
-8
2
-22
53
34
9
-13
89
-16
15
-13
10
-21
-4
-9
-29
-21
17
45
-3
-21
36
6
31
48
-2
11
13
7
-28
17
12
-6
-8
-47
8
-22
-37
-34
-3
-57
-17
9
21
-41
-3
-25
-21
38
20
1
0
-10
-4
16
-7
1
-8
2
-41
-40
19
-14
-33
24
] 
