Format: OHWI
Output Channel: 64
Height: 1
Width: 1
Input Channel: 64
[ 
5
15
28
-21
-27
-28
-36
42
-7
0
-7
-4
31
5
-17
-16
-26
8
-29
40
23
-3
7
-32
-21
28
-36
-13
-8
-1
-8
-19
-32
26
8
8
-15
19
-8
34
-17
-11
-2
13
-14
24
23
-2
40
10
35
13
-5
-16
35
-17
12
-14
-20
31
12
-2
2
5
-11
14
0
-1
-1
53
-11
-1
26
-11
2
39
-17
16
15
-21
-45
11
-15
-21
7
-12
-22
19
40
4
-23
1
-22
8
-5
-11
-5
-15
-13
-3
-23
-10
-20
17
-10
-30
-18
-5
5
5
-6
2
4
-17
12
-6
1
24
7
-9
-17
-23
-7
2
-13
37
34
-11
-28
-1
-13
12
13
9
-6
8
-9
-9
30
-9
-7
-22
11
4
-10
-13
18
2
-12
-29
15
-3
10
-15
20
4
-14
19
-7
28
-14
16
9
-32
4
-29
-5
-26
-21
-7
-7
-18
43
9
-34
-4
-24
-1
24
-21
-4
13
-21
-17
-23
2
22
-36
7
3
-10
-44
10
-28
9
-13
-10
-22
-9
-2
2
-17
3
7
-14
7
21
-14
12
55
-10
-10
8
-25
89
39
-9
-5
50
-2
-41
-7
3
-11
-18
0
14
-21
8
17
-2
12
-24
0
-11
10
3
15
6
1
0
21
-2
-7
4
2
16
-16
-18
27
16
-24
-5
-24
19
-3
3
22
8
-30
-9
4
-8
27
22
-7
-17
23
-16
6
2
57
43
15
-6
-2
22
24
-24
15
9
-16
3
-10
10
-12
-12
-3
-2
27
-12
-39
18
-2
3
-24
-34
10
-24
-8
9
5
-27
8
7
24
23
14
7
-1
0
18
1
12
-17
3
1
-11
20
-4
-27
5
-8
-4
12
-33
11
-11
1
1
21
-6
-32
-1
11
-6
49
1
25
-1
-8
4
29
-5
-8
-18
22
21
64
1
-12
14
-3
12
55
-4
8
2
3
-18
21
-1
-13
4
16
2
3
-17
-4
-5
-11
-29
19
-19
-33
5
-10
59
14
-10
-15
-2
-12
-24
-15
23
5
44
-2
-2
0
13
-36
-19
3
1
-3
5
-3
-5
-7
-16
0
0
-4
-5
19
-8
-2
23
37
-1
-29
2
21
69
2
1
-21
-2
-12
7
3
-31
25
-1
12
-11
3
19
-5
27
26
0
-7
-3
-10
-9
-2
24
-1
19
-7
-8
8
-3
-18
28
-7
-43
4
-11
14
-16
12
-14
38
-32
-19
-18
-8
4
-16
-14
-7
-5
5
1
26
0
-3
-8
-4
-7
3
-6
21
-6
-14
-22
-3
-3
-7
-20
1
12
5
21
-9
17
-18
3
3
-1
-9
-6
-4
-11
-12
-9
19
-3
23
-19
-25
-11
1
17
-16
25
34
0
5
-22
-5
-25
12
-28
2
-9
-11
13
9
-15
14
-10
-24
15
56
-5
2
6
26
-18
-1
-27
-10
-16
15
0
1
-25
-6
9
2
-8
11
-26
-11
53
-4
-26
31
16
8
-1
-6
-13
-24
17
-8
-24
7
29
13
-7
-4
7
8
19
-11
11
31
3
7
27
6
-1
35
6
-39
6
16
-15
9
-21
3
25
-5
0
28
-1
-8
-1
30
11
-15
13
-6
-4
23
81
-20
-7
-9
11
68
-4
-6
22
-5
2
13
-3
-4
16
-39
3
8
-17
60
19
-10
-8
-19
-14
-13
-20
-4
-7
-7
19
-8
10
26
-25
-11
-23
7
6
4
79
14
-4
-1
-1
-8
2
5
-8
-11
-9
20
13
18
-1
-6
-7
-10
19
-4
-5
-23
-14
-12
3
-17
3
-2
-6
-13
-15
-20
-30
20
-12
6
-7
-25
8
-30
-3
7
-3
1
16
-13
5
4
28
-7
-12
22
-3
42
2
3
4
66
-19
1
-3
7
-4
32
8
12
6
-9
-5
7
14
-32
16
-12
-9
18
0
1
-1
15
16
-9
14
-3
-23
-2
16
-14
22
8
19
10
64
3
-28
9
16
2
8
42
-6
65
-8
-5
20
-1
-18
-19
-9
-7
-10
26
54
-4
8
9
-12
33
10
4
-8
0
7
-16
-14
-3
21
-3
22
5
2
-16
20
-13
3
-21
54
4
-14
-19
-7
29
-10
52
21
-11
23
-14
-26
3
1
-5
-20
53
7
-12
13
6
19
0
2
3
14
4
-11
-27
9
-7
9
9
19
-13
-14
-20
0
19
15
43
3
-7
25
-5
12
16
-7
10
5
-9
39
-4
2
-12
12
6
-17
-21
-19
42
-5
-18
-9
-7
11
21
16
6
4
2
3
-3
-36
-9
-11
13
-16
8
25
10
-18
9
10
-11
14
-15
-26
0
10
3
-17
-25
-1
-29
-14
6
-19
20
123
-1
-18
22
-10
53
-1
-6
-13
-7
-2
-1
-11
-23
-21
2
-36
-11
7
1
-4
10
2
6
-10
20
-6
-4
7
9
8
35
23
7
-4
10
8
8
-13
-23
26
24
33
4
-12
-1
-20
12
-18
31
-12
32
-1
29
10
10
15
-4
46
-4
32
13
7
28
20
34
10
-13
8
-14
4
-18
7
14
1
19
-24
-5
2
5
-16
12
-5
2
-9
24
25
-22
-9
-15
4
22
-34
-5
0
-14
6
-4
14
4
-1
-15
1
31
45
-1
-3
-23
-46
6
-3
-11
18
8
-17
-17
17
-24
-33
-4
-16
7
-16
15
38
21
-5
31
-6
-21
30
16
-40
-6
11
-22
-9
30
74
-9
19
1
-22
4
-31
3
60
15
-25
72
-16
-11
8
-13
10
7
13
-11
11
-14
30
3
11
-16
35
-15
11
-5
-6
-27
24
22
10
-40
-11
-13
-17
1
-10
-29
-5
-15
3
34
7
-1
-9
-33
7
23
16
-8
-2
-6
12
-29
34
-1
4
9
11
11
-14
3
-21
1
0
19
35
-1
13
96
-2
-19
-6
-6
1
1
-30
20
12
-2
-12
5
4
-17
-11
-5
8
-8
5
-10
11
-7
-3
58
-6
0
-8
0
5
-4
-19
22
6
-16
-1
4
26
-5
-14
-4
-25
10
-12
-4
1
6
2
-2
-4
-5
10
0
44
-37
18
-24
7
-38
-7
-15
2
11
-8
14
16
5
-32
16
26
-21
5
8
-21
10
32
15
2
-4
-6
-28
10
1
46
33
-21
9
-9
31
-19
30
-6
-25
-13
-1
-15
13
6
-8
5
17
16
7
-26
-10
22
17
16
20
9
12
-13
9
-21
-2
0
22
11
5
-19
-20
27
-5
15
-8
5
-22
20
-26
8
26
35
1
-2
-9
-31
30
-5
-38
-15
5
-4
-30
-27
-12
20
-25
-4
-7
16
24
19
4
-10
10
-9
37
-6
8
8
12
-11
-12
24
-15
11
6
27
29
-18
22
-14
-2
-5
24
-10
13
-51
-22
-33
-35
-23
43
-19
-34
-2
0
-4
7
27
25
-15
-7
38
-6
-9
3
23
-8
6
-12
-6
-3
67
-3
-7
59
13
-17
-12
5
-22
-17
-8
-5
2
32
-6
-3
-3
-7
12
7
4
6
7
5
-25
2
-18
1
-15
-8
5
-13
14
1
-12
-19
9
-11
-5
-4
14
13
22
3
7
8
43
25
-5
-4
-13
-15
16
-7
-8
14
-19
-9
-13
3
-13
-8
3
-4
-17
-5
33
-9
3
6
-4
7
-1
-3
-5
-22
6
-21
20
-18
0
-20
-16
-3
41
-3
-18
4
54
-22
-9
1
9
2
5
21
10
6
26
25
-14
83
-22
-22
12
-10
-13
10
-31
-10
10
24
-52
-32
55
-3
6
-11
0
8
-8
50
-16
25
-32
-21
5
15
-9
-3
13
1
-3
2
-22
-8
20
-23
-4
-6
-9
-4
26
-15
26
22
33
-8
-8
25
52
-17
-17
-6
0
27
7
-10
-5
-18
24
20
23
-20
33
-12
-6
34
11
5
22
3
-14
11
-12
-20
-2
-8
2
2
0
-13
16
10
-5
0
-5
32
-14
27
1
5
-5
8
43
-4
-19
29
2
-11
2
-13
7
11
-26
-4
-13
20
11
-1
0
-13
16
-28
8
-17
-25
-8
23
-5
10
-24
1
33
-6
15
9
-13
-6
-1
-19
8
-22
4
3
6
-14
-15
-3
7
-2
12
25
27
-15
-1
4
-14
-5
-6
9
-3
0
55
5
6
18
67
10
3
18
34
-8
-4
8
30
1
-11
-4
20
22
-9
17
-5
1
17
-14
-7
9
-2
-18
-1
22
-23
-7
-21
6
-16
-1
-2
2
15
-3
-35
-10
8
22
23
3
0
-20
-13
-8
8
-8
32
8
25
-13
-11
-9
7
-15
-17
-7
2
5
-7
-11
-19
6
-1
1
-21
2
-20
-6
-7
-12
17
-2
-10
-8
-11
-3
-21
-2
25
-2
3
-21
19
-9
-25
-22
-14
-4
0
-14
-15
17
-10
-17
-5
-7
-9
51
0
-11
-3
43
-12
-13
0
-19
34
-9
-25
-1
5
-24
-19
52
-7
40
-26
17
-8
-11
-7
-3
4
-2
-5
16
-3
7
10
-19
-32
-26
-9
1
10
8
13
36
1
17
5
39
-6
-17
30
0
45
-30
0
14
-4
-34
16
-22
28
-7
-17
-18
-15
1
-15
7
-10
14
-4
7
-4
2
-10
-18
7
-7
3
-11
-4
-28
18
-27
-32
-18
7
-3
12
-5
26
-20
7
0
23
-10
3
-13
-35
-56
-3
-7
14
-8
12
-22
7
-6
-9
14
-27
1
65
-2
-8
-6
0
-11
17
28
-25
-1
5
12
36
-15
8
-37
-9
4
-9
-8
-14
-4
-1
-8
-11
-10
-14
-11
-9
-11
-11
-6
-6
6
-31
-28
2
-19
-2
14
5
-19
1
-6
12
-4
-23
-15
-6
13
-16
110
46
11
-19
-29
9
-5
26
-9
-1
-5
-1
3
-3
-16
17
-11
-1
-2
-28
3
26
10
-8
-33
-11
-17
-2
-3
-7
3
37
-26
-1
-26
-12
4
-2
-17
26
4
-27
6
-12
27
10
3
16
-50
-27
-4
9
13
26
8
8
15
7
13
14
10
27
30
7
-28
-35
-2
24
7
24
3
7
-34
-14
-2
22
4
25
13
30
16
-25
0
-5
1
2
-7
25
-23
-8
16
-37
7
-11
15
-5
-9
-1
-7
12
-15
-8
-12
50
-13
-4
-23
29
25
35
13
6
20
-3
-7
-10
-13
9
-4
-9
-18
-15
-10
-5
-19
-12
-4
-19
-9
-9
-8
-8
-7
-10
-9
-28
-1
-5
0
-7
-11
15
-10
-11
-20
13
-7
-10
-10
-8
-18
-7
-18
-4
-15
4
-14
-3
-4
-12
-1
-14
-8
1
-20
-16
-20
-8
-9
-7
-3
-8
-8
-11
-25
2
-11
-18
17
3
-11
-22
68
-3
-2
-8
-22
-2
15
12
18
27
15
-43
6
-37
-2
-25
-32
-14
26
-8
-18
-1
5
-11
30
-31
-17
-9
2
-2
-12
40
-22
17
33
4
-20
14
-2
-2
-5
5
-14
-1
32
-6
12
-14
-10
34
-5
-1
-34
17
-15
-4
-15
-9
3
-7
-6
22
-8
-5
20
56
-14
-2
-10
4
21
-6
24
-23
5
-37
18
4
-15
15
-12
-5
63
-13
3
-3
16
-7
-17
12
4
4
3
-8
23
3
-24
11
-39
25
6
-21
25
-15
10
9
-31
1
11
25
24
8
3
10
1
9
-19
-38
13
5
31
-41
8
-2
-9
-2
-2
-14
-13
-8
-5
22
29
0
-44
-21
-5
-15
-22
-22
-3
-17
-1
17
-12
-14
-25
1
3
4
-11
-12
-14
0
19
-18
-13
-16
23
-25
31
-1
23
-7
-16
6
-17
-9
-25
5
-6
13
-25
8
-36
-14
0
-12
-14
-20
-5
-10
-14
-1
50
4
-20
16
0
-3
-1
-11
-25
-13
5
-4
14
-23
-11
20
-2
-22
21
3
-13
-10
-21
0
-4
-12
-11
-29
11
-31
7
-29
-20
13
-12
-6
11
-19
-9
3
-8
-6
-47
-14
11
-22
-18
-19
-1
-9
22
7
12
14
-1
-4
-17
-18
15
16
-17
-16
11
27
-15
7
6
-8
-19
-20
24
-15
-21
-23
9
2
1
-20
-8
-7
-13
-19
-27
-18
2
11
-14
-22
-8
6
17
-16
-6
-4
16
-24
4
-11
-4
-6
14
19
5
-23
-11
-9
-23
16
3
-8
-14
0
-15
5
-11
21
6
1
-24
3
-13
-42
0
-27
-8
2
-11
7
-7
4
-19
31
6
-1
-12
30
-10
1
-11
-16
1
-11
-8
-11
17
25
10
-24
2
-7
17
-26
-23
-11
-4
-20
14
2
8
-15
-2
-3
7
4
2
1
0
77
-25
-18
-17
7
-11
28
-17
-6
-4
-8
-51
-2
52
-12
-16
-17
12
-13
-14
-24
-12
31
-9
-10
12
-7
-31
14
-12
-18
-19
-2
37
-8
23
33
-16
-6
25
-22
17
11
-18
8
-1
10
15
24
-7
14
-13
-13
9
-3
31
-6
-18
22
-16
7
20
-11
-6
2
-9
-11
69
-1
21
8
30
-12
-35
0
11
-8
-7
-12
-6
-1
10
-22
-16
1
-21
-5
8
-1
0
0
2
18
-32
-1
-16
0
-13
26
5
28
4
7
-58
-7
16
-30
-60
9
-5
10
2
6
-5
21
24
7
11
-3
13
-20
-9
5
10
-5
-2
21
34
-60
13
-12
54
34
3
13
-10
-8
12
23
-14
19
7
15
-43
-12
-8
3
-4
-28
-10
-9
7
30
-3
29
-53
-47
-3
-13
4
8
3
-11
74
-11
-8
24
-1
-26
-7
-1
16
-15
6
-28
-3
8
0
-5
-3
2
-2
-8
-8
-17
-13
13
-9
0
2
47
15
1
-9
3
-1
-28
19
-18
-16
19
-1
25
23
-1
-17
-10
-19
11
-19
-25
-36
30
-16
-8
-13
14
5
-7
-28
3
-18
4
-18
9
-12
-9
-9
0
6
3
36
-18
0
21
-6
8
-15
12
23
-21
-5
-23
-14
33
5
-27
-7
23
-2
-14
-11
-10
-21
-20
-1
-2
11
3
36
-2
7
14
1
-15
-11
-19
-15
7
-5
-8
-3
11
11
19
-9
0
-9
-2
5
-14
1
40
-16
-13
-3
12
10
10
-14
17
-28
-11
3
-31
-26
14
-5
-5
-26
-1
22
-30
-15
0
-11
16
-5
1
5
0
-27
16
3
-2
-23
6
1
-30
-22
-11
-8
-1
-3
-27
-36
18
-14
16
-6
-7
12
13
-21
15
-13
-21
-4
13
-13
-9
4
2
5
-15
-11
33
-21
9
-3
13
-3
18
4
9
-21
-6
-21
-12
5
-24
3
25
-6
15
-22
-36
14
-1
4
-24
1
20
-2
-22
-1
26
-7
-7
-20
13
-1
-14
-38
23
-28
0
-4
-24
-23
14
-25
-6
6
-22
9
-25
-23
6
-8
-10
0
7
-14
5
5
20
2
-3
-21
1
-14
-5
-2
9
-12
0
6
3
-3
-6
-3
-10
-11
0
-29
4
8
0
-21
5
33
44
1
-18
22
15
-2
-2
-16
-16
-28
-5
-1
2
9
-3
2
0
-12
27
-4
-29
4
-7
-8
73
14
-9
-19
36
-21
33
1
-9
-31
2
5
19
1
59
34
-6
-32
-11
-16
-11
27
-10
22
-11
29
18
-16
10
-18
1
31
-1
6
16
-14
-2
-8
10
-13
-12
8
16
-10
-11
-20
23
-22
-6
-21
-27
20
-9
-29
3
-12
-25
11
-14
-4
9
12
0
-23
5
-1
3
-12
-14
1
-22
-19
-39
-24
8
-8
-8
19
-21
-6
-18
-7
4
-22
3
-10
-21
-1
15
-4
-10
-4
-10
21
4
-16
-12
5
-13
-35
-33
-21
18
10
-20
-9
-7
1
-18
-9
-2
22
16
-17
7
1
14
2
34
15
-28
-1
-13
7
33
30
-23
-2
-2
4
14
-5
-3
-6
-2
-11
-8
-11
-30
4
11
-9
-11
22
25
16
-16
-4
12
-12
-2
14
9
-47
-8
1
-8
1
-10
-15
16
-6
-13
5
-5
11
-8
-15
3
6
3
23
-25
13
-29
2
-20
1
1
-4
9
3
-17
5
-7
-42
7
-12
4
-21
-38
-15
-12
14
27
6
0
32
30
1
-28
-36
-15
24
-13
1
-6
-3
2
1
5
-11
26
-21
-23
27
13
-18
-7
9
-18
2
19
8
-8
-4
6
-10
-28
-14
17
-9
9
-24
14
-12
23
4
-16
6
-16
-9
-19
8
4
-32
10
2
17
1
-8
-52
-13
-1
-6
-26
-23
4
11
28
10
25
-16
16
-4
-7
-18
-10
4
8
12
-12
3
3
-26
5
19
-7
-6
-14
-15
-9
8
-5
3
-18
-17
-27
-7
2
-23
5
40
-5
-22
6
-1
1
-10
10
-11
-12
-11
14
0
-26
-14
-18
7
-5
-28
-31
-11
18
10
-1
-19
0
-15
19
-10
-15
-9
17
-8
11
1
15
33
-9
-8
18
8
2
0
3
-4
-20
26
19
13
-4
-3
-4
8
-1
16
-2
16
7
45
7
6
19
4
-41
-16
-22
30
34
25
5
4
3
23
0
-37
25
-3
30
-19
2
-22
42
2
22
-18
17
8
25
7
4
38
11
-10
-14
23
-33
-3
9
3
-9
-14
10
-14
9
8
38
3
19
1
27
-7
-36
-11
4
-1
36
43
9
7
17
23
19
22
7
14
54
12
1
-27
-7
12
1
19
42
6
2
-35
-29
6
2
-13
6
-22
13
-8
-26
11
-25
26
11
-20
-18
-16
-13
39
23
29
20
-9
18
19
29
-4
22
16
25
-2
24
-8
-7
3
-6
0
-20
-25
-19
20
-7
-15
-5
-7
17
-15
5
-8
18
-18
20
24
-18
-2
43
-48
-3
-9
1
-28
-8
-20
10
-14
2
-38
3
-11
-17
5
-32
18
1
-15
40
41
-28
-11
21
18
-12
-6
2
4
-7
38
37
13
10
1
65
-28
-17
-6
12
27
-14
-16
34
22
1
-4
12
2
-23
12
-1
-29
-26
1
50
-3
-11
16
13
19
14
1
-1
32
3
-15
-35
8
-5
-13
-7
25
-15
-47
-15
-1
1
-1
-15
-34
-10
25
-6
14
5
-7
20
-2
1
32
-35
2
-1
6
-7
-13
17
-13
27
-9
-6
33
4
5
-3
-2
-18
7
-29
-10
0
43
-2
-6
-5
-15
14
-21
-22
3
3
-16
-10
34
-3
-7
-14
-2
-3
25
51
-6
-5
-7
-8
-5
9
-3
-22
0
-23
-13
7
-11
-8
-23
2
-4
18
-14
21
28
3
-1
-7
24
4
8
-4
-10
49
6
-7
-4
-18
-14
60
-12
6
39
-14
22
9
-10
14
6
7
13
-2
-11
6
12
16
-3
18
-8
-4
4
30
-9
52
1
-13
11
9
0
20
-10
-9
-3
4
-4
21
-21
0
10
11
-12
22
7
22
-2
5
0
-25
-15
20
19
26
-12
-1
33
-3
16
8
-7
16
22
15
-8
-1
17
1
7
19
20
-13
-6
19
0
27
14
33
-10
17
-8
-4
3
-19
1
4
-27
-20
24
6
-7
13
-8
2
-31
-12
-16
23
38
-16
0
10
-11
22
-29
4
-22
-1
31
-25
-11
-35
12
-37
1
-20
10
-27
20
-4
-15
9
-18
-1
-21
-3
38
7
-19
5
-25
24
14
-35
-3
2
-18
-15
22
7
-12
-14
15
-20
-7
-14
19
18
-1
34
10
-4
11
-8
-2
-17
-22
9
-1
29
12
-3
22
20
9
14
-50
-15
-1
10
-25
1
-17
39
-17
0
2
-3
6
-9
-33
37
2
14
31
-2
-12
-3
6
-6
8
18
-28
-1
-10
62
-22
14
7
21
-3
-15
30
-22
12
-8
6
-6
50
-12
-4
12
-3
5
-14
25
3
0
11
-2
-11
11
20
4
-7
-12
-17
-6
-21
5
-14
-10
-4
-7
-12
-16
-15
-18
-19
23
-5
-24
-26
-13
51
-27
-3
-14
-38
13
51
-11
11
19
-16
-4
8
18
7
0
-6
17
-17
-31
10
25
15
-17
-31
-6
-16
19
3
-7
0
-25
-22
-35
35
-13
-5
2
19
-9
14
13
5
-3
27
10
0
-18
34
28
-26
19
-30
11
25
13
-8
10
-10
-3
31
-12
7
7
-3
26
20
-5
52
10
-21
-3
18
13
8
-13
-17
-26
1
14
24
-13
-3
-19
-13
-27
-2
-38
-4
8
1
-12
-18
8
-5
-7
19
-25
-25
1
-16
-7
18
15
16
2
-2
-26
33
-13
-21
-3
-23
9
-9
14
62
-22
11
47
10
16
-40
-13
-15
0
8
-4
1
-5
20
7
2
18
-16
-19
-7
3
-12
0
-17
27
-30
22
-23
3
15
-10
-17
23
1
14
-23
27
-10
-3
-4
4
-10
19
11
0
19
-38
1
22
-8
11
9
-2
-13
-4
-11
11
15
12
24
2
-13
13
20
4
14
6
41
-8
30
-8
9
-39
14
16
-31
-2
0
-19
-11
-18
1
-5
-12
28
1
20
-20
-1
3
-14
0
-9
4
-10
-24
10
-19
6
-7
1
-24
-8
-8
81
-14
-2
37
-7
8
-7
-22
-20
14
-10
-4
15
-4
-6
4
-3
78
-11
7
-9
-1
13
-15
13
3
-3
4
7
3
-11
8
16
5
15
19
-1
7
4
4
53
18
-34
1
-11
2
21
3
-9
-10
-6
-48
-5
1
-5
-14
8
16
-3
20
-8
-27
5
-19
35
1
14
-40
0
-7
-17
6
-6
-5
73
-33
11
25
27
-37
32
-1
5
-15
-12
-24
-4
-8
-23
-8
27
63
-17
0
-14
4
7
-6
-16
2
-8
19
-14
19
-30
-22
-6
9
-6
-14
-9
-15
10
-2
0
-7
62
-23
-17
-27
1
8
-6
71
16
2
-6
-11
-5
-22
20
-8
-8
0
-17
2
-5
-17
35
10
15
-3
-15
2
6
3
25
9
-16
1
26
-8
3
0
32
32
-1
3
-15
-15
-5
-15
1
-31
-6
7
18
2
1
-46
-6
64
1
7
6
-26
9
10
-2
-8
1
27
-13
-31
13
] 
