Format: OHWI
Output Channel: 64
Height: 1
Width: 1
Input Channel: 128
[ 
15
-10
9
-3
-21
29
11
29
-5
-26
-16
-13
-7
19
-19
17
11
73
2
28
31
11
30
3
12
-3
-3
0
-8
-6
23
24
-6
0
-4
-2
4
-18
-13
6
-20
-8
-25
25
-19
-9
-18
4
-6
-13
46
-14
-22
14
5
-15
-28
-6
-10
-6
-12
2
16
3
-8
-12
-4
9
-1
15
-20
-8
5
-9
3
20
-3
1
-26
-19
45
32
22
-15
17
-9
-32
12
41
50
47
-12
33
47
-1
4
-8
27
-7
36
-17
-8
-8
8
-19
27
21
-21
1
-6
27
-24
0
21
-14
-7
-57
8
1
-20
-18
-4
-29
21
2
-15
4
-2
5
-5
6
-18
-7
13
-12
21
21
14
-23
8
17
15
-27
-8
-34
12
39
2
-21
-11
-6
-14
-24
11
-5
42
-14
12
17
-11
-22
-16
40
-2
14
-3
-7
30
0
26
-10
-5
27
2
-22
31
18
-9
20
-11
-18
-17
-18
7
-13
10
5
6
3
-7
6
35
0
-3
14
-14
11
-1
0
48
29
4
0
29
-7
-11
-9
21
-12
-12
-24
-2
-27
-10
-22
-15
-20
3
14
0
23
5
15
24
6
24
-38
-15
40
13
-19
13
9
-25
-3
31
-10
-27
35
29
4
-13
8
-6
-12
-1
1
9
24
1
-3
24
-9
-9
0
2
-12
-3
-2
25
22
17
-12
5
-33
-10
42
-13
4
-3
35
38
17
24
-23
-13
-7
-7
36
-24
-7
-5
17
-16
3
3
-16
0
-18
7
-5
-31
-5
-13
-24
14
-1
-11
67
50
-19
-4
6
-20
-10
-33
-5
-14
-10
2
14
13
44
-3
-12
-7
-3
26
-7
-2
-5
-21
-13
7
12
-20
-2
14
-4
-10
-6
7
-7
-14
19
-23
5
25
3
-13
-4
-20
-7
2
31
41
18
-20
-4
3
2
-26
-25
-7
19
-11
-20
-2
9
-13
-3
35
19
-6
18
-20
-24
-20
-14
15
41
0
-7
9
-15
-13
-34
-7
-22
5
-29
7
-2
-2
-29
-24
2
-17
10
50
-27
-11
-61
-20
-5
-24
26
2
-53
8
0
25
4
0
3
-8
-4
3
6
28
-7
-19
-20
-21
-1
-25
-13
-4
15
-6
-9
14
17
-9
-56
-27
0
-25
-3
5
3
62
16
18
-23
-13
4
2
-8
0
11
24
-22
-7
-69
23
24
20
17
-61
-30
16
-4
8
-8
10
-21
-10
-45
-5
-13
15
-4
29
24
18
-1
3
28
27
31
-10
-6
-39
-3
10
32
39
-32
-8
-7
-31
6
-2
5
-55
21
-15
83
-12
-8
12
4
-18
-11
-1
-7
33
6
5
-17
29
-16
25
-9
6
-10
17
-7
15
35
38
-35
-15
-4
-22
-43
52
-19
19
-30
-16
-9
-43
8
21
-29
9
-1
-8
-26
-8
2
33
4
-11
-11
-2
-14
20
32
-2
-13
-15
-18
-13
27
-25
-24
-11
33
3
-9
35
0
1
25
7
-13
-35
1
84
-16
2
9
-2
9
0
25
27
-33
-21
75
36
46
-11
-23
0
-5
-22
9
94
9
1
40
-4
4
-17
2
8
-18
6
-2
20
7
-14
9
1
-30
-35
18
-2
-1
-22
-13
13
34
-13
-3
-7
3
-14
1
3
-6
-7
-33
13
7
18
-18
-10
21
-14
7
-28
33
12
-20
7
-53
-7
31
-4
-7
0
-15
2
-15
-34
-26
18
-31
-12
27
11
-23
-11
-24
17
20
-36
-5
-8
27
6
-4
-10
6
-9
-10
-1
18
-19
-31
-18
9
-1
-34
-19
-33
12
-26
-11
32
-12
-12
25
-23
37
-38
21
-29
58
5
-13
20
-14
-14
-9
-11
-16
18
-17
-26
38
5
11
-20
-1
5
24
-6
28
3
-53
23
-4
53
-27
-19
17
10
-6
16
9
19
-10
-25
-8
0
7
15
27
-27
-18
-4
4
1
2
16
19
-11
21
-11
-1
5
-11
-15
21
-36
17
9
3
-12
-11
-17
26
-19
-6
-21
8
-8
-4
45
-9
21
-18
-6
-4
-32
1
-35
21
-14
7
2
6
26
-4
26
30
-25
-15
16
-4
-10
12
13
-7
-1
-34
2
-12
3
-4
-18
13
-16
-6
-5
34
53
2
2
-5
-14
-12
23
-10
18
29
-45
-4
21
17
4
-14
-4
5
-39
17
9
0
-7
9
10
-7
-26
9
8
-11
-1
18
27
-25
-4
28
-30
11
11
12
14
-6
-19
-29
-22
1
24
-14
-2
-7
-4
-14
19
29
-9
-3
0
24
-17
5
4
-2
-12
9
21
-14
-26
27
-3
34
7
7
21
-9
5
-10
26
1
2
-27
26
48
19
-12
-20
18
32
5
18
44
6
28
21
-7
30
5
5
-29
32
0
32
-22
-2
-14
-19
3
-27
-25
-26
1
9
-18
26
37
-22
15
29
41
-12
17
4
-2
22
-3
13
-7
-41
-22
8
39
28
-18
-3
3
6
-3
-24
13
39
-39
-37
10
-1
20
15
-28
14
7
-17
-4
42
42
0
19
38
6
4
-13
0
-30
24
-8
-29
-39
26
-49
26
-6
41
8
38
-8
12
-34
-24
-27
8
-21
-2
-10
-20
-15
19
-19
44
8
-27
-32
6
-23
10
-4
11
62
34
-2
-11
15
35
-30
-2
-20
11
-34
15
-20
6
7
-17
-7
-25
-3
13
-7
-29
13
-30
15
-3
45
23
19
-22
-23
8
7
6
2
8
33
-43
31
-28
-28
-7
-27
-16
-25
-18
57
-5
15
11
2
-31
30
65
-5
-12
60
1
39
-14
6
-10
-8
-32
2
-29
24
24
34
17
33
5
31
46
61
-34
-40
-22
-15
-20
2
15
-13
-12
18
-5
-19
-26
-25
42
-17
-3
37
35
36
-21
17
-1
-36
-20
17
-3
-15
-28
-4
18
-27
32
-20
20
2
-4
22
16
7
-14
17
-56
-28
7
11
0
6
43
-2
-13
31
0
-36
75
0
-1
3
-18
-18
-1
16
-10
10
40
-1
-5
-4
25
-38
-42
7
-29
1
-13
-40
-4
55
4
-72
-14
-15
36
-37
6
60
12
-17
35
2
-8
30
-24
13
16
21
-10
-16
-11
0
12
7
18
3
7
1
22
-31
-21
33
-37
-19
-5
-13
42
23
16
26
6
0
28
6
18
-29
-13
-5
-19
3
-2
-1
10
3
3
-13
8
7
-7
24
15
5
16
2
1
-2
4
-6
-1
-13
-2
3
12
-93
-23
12
-30
15
10
41
-16
2
-17
-2
9
-12
20
-3
-16
-26
-28
1
-3
23
22
5
2
7
8
4
26
15
9
-15
-24
9
-31
1
-12
10
-10
-4
15
-19
-8
-38
-6
4
9
1
4
-25
23
24
16
-17
12
0
2
10
-18
52
-16
13
18
-6
17
-4
6
-11
-32
4
13
-22
-7
-39
27
5
-7
50
-35
19
42
-24
-13
41
51
-11
-13
27
4
-22
-16
-24
-26
-11
-13
-22
-7
1
-5
-9
69
-21
-7
16
26
30
-18
-7
4
5
2
6
-23
42
31
19
-7
-37
-15
33
8
13
-13
-10
23
39
17
28
-31
1
16
-3
16
-16
-10
19
13
-27
2
17
-30
2
13
-5
25
-7
-25
-27
-27
-25
-8
-1
-14
-20
14
-27
-12
8
40
6
1
-9
-12
-60
-16
-23
-13
33
-35
31
16
-7
-9
-17
-26
-30
29
53
-86
-32
-44
-40
6
34
-15
-39
24
12
44
-42
-4
0
-7
15
-2
-6
-51
39
-18
-20
-15
31
-32
5
-1
0
22
28
-6
13
-19
-12
2
33
36
-37
15
25
11
-11
32
-18
-8
10
8
23
2
-18
21
-46
19
2
60
-1
13
6
0
-35
-22
-8
-6
-10
-33
-5
-12
8
-4
36
-5
9
-41
-1
-6
4
-15
33
6
-47
-37
4
12
5
-1
11
-7
-7
-20
-16
12
28
16
5
12
-18
-2
9
-2
8
3
30
-27
-23
-5
4
-23
-12
-1
-3
-3
28
-17
-9
-12
39
-27
11
-30
3
12
12
-14
37
43
7
-35
14
-36
-28
9
10
-12
35
-21
20
39
24
62
2
0
71
-5
40
-13
-13
18
-22
-9
1
-24
7
26
9
-20
9
4
-27
8
9
7
0
-33
9
24
19
1
-10
12
5
15
-15
-5
-20
4
-32
-5
8
6
-5
-31
0
33
-14
12
-21
-13
-5
35
5
2
4
-10
-8
28
-8
-56
33
-6
-15
-20
-9
-7
-11
24
4
4
12
-2
-15
-29
-6
3
-15
1
-17
13
-5
-20
-13
5
-13
-12
10
12
-11
10
4
-14
21
13
-17
40
27
-11
-19
32
11
32
-34
13
-35
-1
-27
-23
27
-15
-8
-18
-14
-9
-36
-17
13
3
-6
20
-24
-1
13
-11
21
7
-12
-14
33
-5
-4
-44
-12
-34
-6
9
-28
6
34
0
-15
-14
12
-16
-7
-15
-27
21
-11
-20
12
43
0
-21
13
4
-17
75
24
-30
12
-18
-11
-15
21
8
-17
36
-17
-14
-8
15
-23
26
-20
-13
19
37
-16
1
17
-8
-19
14
6
14
49
-13
35
-33
19
-11
-9
-12
-24
-14
-19
-32
9
-7
-25
30
-47
15
25
0
49
-10
22
-8
-2
-5
-36
13
-41
-8
-20
-2
-33
-27
11
-22
17
5
15
-15
-13
-1
12
-8
-18
19
32
-3
27
-21
-27
-25
14
-34
33
0
-2
0
24
-28
-23
1
-18
-10
33
-9
-8
-8
-5
7
-1
-25
30
24
-2
-8
-4
15
-4
7
24
3
-31
-15
75
7
24
-20
-23
-30
19
14
-30
-7
-14
-18
13
-4
-24
6
8
-8
-2
5
12
10
-31
-16
-29
-9
-6
-6
-4
-10
-19
5
2
-23
13
20
-16
35
-6
-22
-14
-51
-11
-10
23
1
-31
5
17
9
8
-16
-25
39
11
19
9
-40
-25
-16
6
40
-65
57
-4
17
14
11
29
3
-5
4
-5
36
4
-13
5
21
16
-18
-20
-5
2
6
-6
-6
12
12
41
11
1
10
26
0
4
-15
-4
15
-29
15
-14
-16
16
-24
-33
46
-10
1
32
-6
35
6
63
22
-2
44
-20
21
2
-16
10
6
-7
5
-27
-20
7
-25
-28
39
11
-15
7
-15
21
34
-27
13
-4
-16
5
-6
-18
40
-7
-5
-1
-2
-16
-6
-17
10
4
8
15
-2
8
-11
-13
-6
0
-14
15
7
11
-15
-24
-7
-8
28
-12
27
-6
-22
6
7
-25
13
-21
-2
-3
-4
-2
10
-9
-12
12
10
24
19
-26
15
3
38
-28
-20
27
-10
-6
28
0
2
-5
5
40
-19
6
2
3
-26
-8
21
-2
-8
9
-9
-15
6
-5
-10
2
-5
-17
-24
23
-1
-11
19
53
36
5
-27
31
-13
-7
-24
22
-27
-3
8
9
13
-12
8
5
-19
4
2
6
-4
10
7
18
7
13
-10
6
21
29
32
30
-29
6
53
21
-16
-16
-34
34
-20
14
17
31
4
35
-2
-21
-11
2
11
-8
0
19
19
-15
0
-20
61
12
19
-48
-9
5
7
0
7
-24
-2
-2
-5
-23
-19
17
-17
1
-14
9
-2
26
25
-20
-15
35
48
-22
3
3
-25
22
11
-7
-17
34
6
9
-40
2
-33
7
-19
5
24
-12
-4
-4
5
-18
16
18
27
9
20
58
11
-25
-20
-27
42
5
-13
-4
-12
-36
16
17
15
6
-28
-29
-27
36
20
-46
-5
-7
-18
-88
-21
24
-14
15
23
-19
7
-7
2
3
-5
20
32
-6
32
58
16
-3
-24
-1
-1
-11
4
20
-8
-14
6
-20
31
-5
1
9
12
1
-13
-31
-9
-19
5
-1
-15
12
-30
-23
-4
45
11
-34
-9
-9
5
15
-9
-11
-14
5
-1
-32
34
-14
-13
-7
22
-3
-21
9
12
-3
12
28
25
-24
20
15
-13
4
4
-20
10
-36
23
8
-19
-10
-25
-1
-1
20
8
52
45
-25
38
-13
15
0
6
31
1
0
13
1
13
-30
15
3
-29
10
-14
-25
0
19
61
-11
16
22
-2
-6
12
-6
3
-5
-29
-30
8
-36
-21
-1
-12
-11
-21
-1
38
13
5
-15
-7
30
5
0
-16
-14
32
7
15
-6
-23
-4
-21
-13
-13
8
5
34
7
6
-10
19
24
-1
-16
-2
-9
-17
-30
-41
3
-7
3
9
-6
12
14
5
-25
-30
6
-30
7
7
-23
6
8
-20
22
1
-5
3
49
-12
9
27
-8
-9
0
4
22
15
6
15
-7
1
-41
-51
-1
11
62
-13
-9
40
-35
-9
-17
-12
-16
-16
3
12
22
-1
-6
-52
-5
33
-5
-28
-24
-2
-16
-13
-3
-19
-3
3
26
-5
-1
-66
-11
-31
20
-15
5
4
2
-56
-5
-20
-5
-8
-9
-15
9
-5
-21
-13
57
17
-14
34
-9
20
-9
-23
-29
32
-17
24
-13
24
-1
-20
-25
81
-25
-42
-10
17
-7
41
-22
-13
-23
8
25
-17
-24
-9
10
25
10
-3
12
-10
13
-14
26
21
-14
-11
0
11
-6
28
34
-22
-26
16
3
13
-22
12
3
2
40
-18
5
1
-10
-15
-14
-18
10
-29
-28
-26
62
27
-26
14
1
12
3
-21
20
15
34
1
15
4
20
-28
22
-9
-32
-27
13
-2
-26
-23
58
-38
-33
-15
-40
-21
31
-1
23
27
-23
28
-31
27
-14
15
-8
-30
22
-29
0
-7
27
20
19
10
-41
13
8
-19
-6
3
-19
-6
-51
69
-15
-8
11
6
49
1
-21
-1
3
12
0
6
16
5
29
17
-36
18
10
-20
16
31
-24
-16
13
30
-13
-5
6
-22
-3
-15
-20
1
-10
29
8
-4
-36
3
-17
1
43
28
9
29
45
-20
25
6
19
36
28
12
4
-9
-19
39
-9
11
5
-4
-6
21
28
29
26
5
-3
-30
-8
12
-21
-7
23
-24
11
2
0
32
16
23
21
-5
-3
-4
17
-4
20
24
-28
11
-1
-13
-14
20
19
28
-38
14
21
-1
3
-6
18
30
2
-19
53
3
1
-3
10
-21
-4
-57
7
20
-11
-22
20
7
32
56
39
4
-10
15
3
-16
1
6
70
7
2
56
27
29
20
-2
30
-13
8
-59
39
-14
-1
-9
-7
5
28
-22
-20
-20
-29
-14
25
-10
10
-4
-13
-4
-46
-17
-7
-17
41
31
-28
13
11
-25
-16
-7
13
-12
31
10
11
-33
83
2
-23
-4
31
3
14
7
8
40
-2
8
2
17
-6
44
16
7
35
30
13
-3
18
66
20
5
-25
5
-22
17
-13
-29
-1
-9
15
-8
9
-8
22
6
-60
62
19
-30
40
-20
-17
15
-15
-56
7
-8
14
4
15
-14
-14
3
-4
7
12
27
-32
-8
3
20
39
-9
-9
-17
14
64
-5
14
-24
-26
5
39
-5
-8
-5
-8
-2
23
41
5
21
33
-52
-22
13
30
-19
-17
6
32
-16
0
-11
9
-41
-14
-30
16
7
13
-44
9
-16
-10
-9
28
33
-6
50
13
16
13
-37
-14
-12
15
11
-2
14
-33
-16
7
-30
3
15
-5
-4
0
-8
-8
-10
16
-25
6
0
0
-6
21
-14
27
18
35
2
37
-14
14
-7
-8
2
12
-54
-32
41
-9
15
-13
-39
-17
-14
2
-2
-28
3
-9
14
-5
60
2
15
-9
26
-14
-32
29
-25
3
9
-37
0
-7
49
-16
-18
-31
13
5
8
-12
-2
-20
40
18
10
-23
40
9
21
66
-9
-4
16
14
-21
-6
13
0
8
6
6
-20
16
-8
2
30
31
-20
-6
13
15
-3
33
2
6
-9
-11
20
1
-4
11
1
-8
28
28
-20
-14
4
19
-28
22
-24
-30
0
-16
-18
-2
-9
22
3
27
5
-15
4
4
-48
40
-6
12
-25
-7
8
-3
19
3
-8
-2
-26
29
24
45
-9
35
16
-15
24
-3
-6
-34
14
-22
11
25
39
-2
-29
-19
8
-18
-10
-30
9
-10
19
17
-15
-2
-19
-11
8
31
29
-11
-28
1
1
-12
56
-4
0
-23
14
-3
16
9
-23
-3
23
-14
-9
-23
-22
19
37
-23
-25
5
41
-7
-13
15
20
-11
-14
-29
4
-25
-5
-14
-36
-1
-15
4
50
15
-30
-14
-7
3
16
-13
27
-15
-19
-5
30
11
12
2
34
-11
4
-13
-18
-37
-20
7
-8
12
18
20
16
-17
-6
-2
-11
-3
-8
28
21
5
-20
-29
-40
29
-26
8
-24
6
25
3
20
-10
-12
9
9
37
8
46
12
3
5
-5
-22
-20
39
15
-23
24
-17
19
13
5
-22
2
16
6
13
-45
24
-17
-10
26
-14
-7
23
29
-1
50
-40
-14
-3
-15
25
0
-17
19
-25
9
-3
11
-14
-11
-5
12
16
-3
24
-28
-14
-4
4
-4
-48
14
37
36
25
11
55
-21
-15
-2
1
-24
-25
-11
24
-6
4
18
-19
-27
-18
16
10
-30
29
3
-23
-16
0
-25
7
-9
14
-25
-6
-7
2
-6
19
39
6
-17
13
-2
36
-9
21
37
12
-12
6
16
-6
16
7
9
7
-6
-24
-22
18
24
18
0
-3
9
7
15
19
8
22
-28
-22
-20
-3
-14
-21
16
6
21
6
23
10
23
-20
6
-10
-1
-27
5
-12
9
0
-42
3
-37
10
14
1
1
34
-10
5
8
-25
36
47
6
-20
29
-6
2
-15
31
6
-3
-14
-25
-24
5
6
-24
-14
13
-2
-2
-6
48
16
27
-6
12
14
-29
16
-9
-3
28
1
4
-9
12
-31
-16
20
-3
-10
-14
4
21
-1
32
-28
-24
-7
-13
3
18
15
18
22
-4
7
30
20
1
4
-21
-1
-11
-9
-21
-1
-2
-12
5
-3
18
11
-24
-12
-5
27
-7
-15
-7
-3
3
-14
27
1
5
25
35
-6
-13
4
8
8
-13
-27
-13
-2
1
-8
20
8
-18
19
-21
-8
15
20
-2
-9
26
-22
6
29
-9
14
-18
17
42
18
14
-5
13
3
-30
-1
27
18
8
-20
12
-3
7
-7
-4
16
-18
23
-6
-33
-8
7
-18
43
5
0
-8
-3
18
-10
-15
4
-15
-5
34
20
33
-4
-6
35
-13
24
-9
-21
4
46
-39
26
-26
17
-29
-36
-9
11
-42
16
-14
-50
-26
-2
1
-7
-1
40
-34
-26
2
-27
14
5
4
-1
7
21
-2
37
11
2
-10
20
6
1
-18
-6
-24
21
15
2
-22
0
5
13
36
-18
-11
-27
-11
10
-29
-10
11
30
5
33
11
-8
-9
-7
-10
-10
-9
-15
4
3
-7
-26
-8
0
6
-30
-11
-22
-20
-9
-3
52
18
-22
-19
-18
22
3
12
-2
12
0
0
-6
-39
-21
-17
-11
-8
-38
27
-1
29
-34
-22
-43
-7
16
8
-34
23
-6
-38
-22
0
56
15
-11
40
-1
-32
-15
-33
8
-22
-44
-5
-5
-1
11
7
-13
41
4
-10
-9
24
1
15
14
-24
-17
26
-4
18
8
0
-17
16
-11
-5
-9
-6
26
6
22
-10
-10
6
0
7
-20
37
41
-1
11
37
0
-10
5
-6
-8
-14
-6
-17
-7
-12
5
4
-19
-6
36
33
-16
5
9
-4
-12
-3
1
29
-1
15
-21
-13
22
8
1
-16
3
14
-13
1
-3
21
23
-2
4
-9
-40
-7
8
12
2
-5
1
-8
16
-4
-8
-22
19
-3
-13
31
-19
7
9
-19
-26
23
-9
-20
-4
-25
-1
8
-7
-4
4
20
14
28
-21
5
-5
3
-13
17
4
-8
30
6
8
11
-7
0
-3
-3
19
-6
-42
19
22
-5
5
-11
27
-30
12
-5
9
-41
5
16
30
-5
6
-1
-1
11
-3
-15
-5
-36
9
14
3
-31
49
2
35
6
-13
-14
2
3
21
16
1
-31
-15
13
4
-14
-36
0
-9
-7
5
-24
-9
10
67
24
-6
3
-20
0
15
12
-37
-2
-17
13
9
42
-17
-31
13
44
10
-42
-11
-25
10
-22
6
10
-17
7
2
-2
39
24
1
-16
-12
27
-12
1
46
26
-43
36
-18
92
-21
0
-2
16
-9
32
-4
-22
-11
0
-2
-24
-11
-1
-20
15
15
-21
-12
-41
16
4
-10
-2
8
-7
45
13
6
6
-19
9
19
-3
-21
32
30
3
36
27
-16
-15
-26
29
1
-14
-18
0
-3
-5
-20
-6
13
-6
2
-18
18
16
8
3
-28
36
13
31
7
19
14
3
17
-17
16
8
-7
2
19
-56
-17
62
20
-7
8
18
6
7
25
11
14
1
26
6
13
-1
28
-13
22
-3
-3
-45
-5
-14
-5
5
-9
13
0
-3
1
-8
-26
-8
-34
3
26
0
-4
-5
23
-7
-21
-11
10
-28
18
33
4
8
-19
4
-22
2
1
0
-12
-35
22
-29
-15
-31
21
13
-23
35
-7
-6
-9
8
0
3
12
1
5
26
7
-2
22
8
-30
-10
9
-15
16
-3
29
-14
23
-20
-30
14
-3
-5
24
-31
5
-6
36
-15
-12
-3
14
36
-8
36
-25
-32
-22
6
-19
10
-19
-26
-2
-15
-9
-17
28
16
21
30
1
-6
15
0
-11
29
-14
-21
27
31
-23
-1
-8
-2
-2
-2
-1
5
-47
-5
8
24
3
10
-1
11
-8
38
20
0
-3
19
-22
-18
20
-32
9
-17
35
11
17
13
-24
-3
14
23
-20
40
-10
-27
-27
2
37
-4
-18
-9
-30
-16
16
-25
-42
9
11
-15
8
-6
6
27
7
-20
6
-14
-5
0
17
12
11
-8
12
1
-21
-31
-11
-16
-12
-9
-19
57
23
24
-38
-1
-12
8
-22
2
-15
-19
-21
5
-4
12
1
-6
26
-5
-6
18
-27
8
23
1
6
-20
0
-21
5
10
11
19
10
21
-26
24
29
-22
-3
13
-3
-24
51
-9
12
13
-26
-28
5
-18
30
22
-9
53
56
22
0
-18
-8
-13
-22
-1
17
12
-8
5
1
-4
14
-11
-18
-20
-25
1
11
20
-4
-19
4
10
-10
11
-18
-25
-10
-4
32
-5
4
-27
-16
19
-11
6
-13
31
32
9
3
14
-15
10
-16
-31
7
47
-31
-47
19
-3
32
15
39
-39
9
38
-8
6
0
-22
-24
-15
13
-7
2
-21
27
-27
-41
-11
16
32
55
3
9
-19
-25
-15
7
6
-3
-56
34
12
-12
18
53
5
34
9
-2
-14
-1
-15
-22
10
-4
10
-4
-26
-4
30
7
-14
-32
43
-4
34
24
-12
-7
-47
0
-22
49
1
10
-4
-9
-11
-8
-15
-10
-4
-13
35
-26
7
22
2
-2
2
-2
19
-1
6
-22
31
0
10
1
-12
3
-18
19
-44
11
-1
18
-7
-6
44
20
24
-10
22
-34
-19
8
26
12
57
12
0
-1
-17
-19
-33
-31
12
-8
3
-8
-12
15
24
-10
4
-7
-1
-46
26
-3
-29
27
41
30
4
7
-14
-2
13
-7
5
14
-17
-16
-8
5
0
17
-12
4
-19
-10
-4
-41
0
6
-15
-2
2
41
10
-18
21
-3
-4
2
1
14
-12
-8
-2
-2
-7
-11
4
-6
0
-6
0
21
19
-23
-15
2
-30
-8
26
-27
11
26
1
-23
-7
2
-16
-11
-3
-4
13
38
15
-3
-46
20
1
12
-19
-38
-5
11
-4
1
-4
11
37
-20
-4
-38
-7
22
-14
15
5
17
10
2
15
-1
-21
4
7
-3
-17
-12
26
60
-31
34
-24
-18
-5
77
-4
-9
18
11
16
28
5
10
-19
-10
-38
4
0
48
30
5
68
2
-32
-5
-28
22
-17
-40
-18
-25
10
4
8
24
-7
-25
-10
-30
25
19
11
-19
-18
-14
-15
3
-16
5
-11
19
-4
-13
8
-20
-34
8
23
38
-1
-6
9
18
-5
7
37
28
25
5
27
-1
-8
-10
5
-20
-19
-12
27
5
11
-24
6
-20
3
9
9
7
-24
19
-4
-12
-30
1
-9
-18
-1
-14
15
2
17
-1
4
9
16
-11
19
-11
-18
-26
-14
20
-32
8
-1
-15
-8
-2
12
5
-11
12
7
-18
22
17
-4
-3
16
-22
6
1
38
2
-12
26
3
-5
1
13
14
-30
-22
18
0
-3
36
1
-7
7
-15
9
-22
22
7
4
34
-10
32
54
16
-32
24
-3
-15
-28
34
-7
-6
-5
11
-21
-6
-36
-6
26
-3
-30
0
32
45
-22
-1
-11
30
-10
13
9
-7
-19
-1
-17
0
30
-6
4
3
-10
1
11
-14
-4
16
31
-26
-3
30
-21
-14
-1
11
-31
-25
8
-3
7
-24
-26
43
6
-24
13
13
-14
-16
-19
-31
55
38
-21
-2
12
-9
-18
56
18
-5
33
9
-15
58
-3
25
26
-21
-15
8
1
-10
-16
51
0
-15
-13
-15
-14
-15
47
-14
-11
-5
12
-19
-25
-5
22
-11
-12
51
11
-19
-17
-1
31
-23
18
-20
-16
0
21
39
-3
-11
-23
-14
1
-25
-17
22
13
-9
-7
-4
10
3
-22
-5
21
0
-18
4
-38
18
12
5
-35
-21
0
0
24
-1
35
6
11
-10
-11
18
-34
-9
-8
-4
8
5
-7
23
19
-10
-13
46
28
28
-34
-2
-31
44
-10
0
48
-6
-30
53
23
-12
-6
6
-1
18
-25
14
-4
53
-2
7
-4
2
5
10
-6
22
26
32
-1
27
-11
9
1
-19
16
-44
-12
-31
35
4
5
19
-41
-20
-13
9
21
20
-28
-3
-15
23
15
2
2
-6
3
29
-26
0
-4
-21
23
-9
23
5
-1
19
22
-15
-16
-2
35
35
22
19
24
1
20
-16
7
-25
-17
-11
1
-20
-27
-13
3
9
-27
-15
-14
-28
2
26
0
12
6
-11
-9
-5
-23
52
-18
-12
-22
-17
-4
26
9
30
22
26
4
-12
-21
6
-14
19
-2
-3
8
-10
-24
5
29
28
12
-14
5
-3
18
29
-12
-11
-22
-2
-29
-22
-31
-4
22
15
1
-5
19
-37
21
-3
1
18
4
-15
-23
3
-2
17
-6
-11
-22
8
2
8
2
5
-5
-28
-14
18
3
0
-27
-11
4
-11
10
6
-6
19
49
-42
-17
-27
4
-27
7
8
46
9
-11
3
-6
63
9
-19
1
10
29
3
-1
-13
-10
5
14
7
-5
21
20
5
9
25
3
2
-8
-15
-25
-9
36
-12
-31
36
-8
20
10
31
30
9
50
12
-6
18
-29
0
21
55
-5
-12
5
-3
7
18
-27
-19
-22
0
-16
-58
-38
26
40
60
0
-15
-27
-27
-10
26
11
32
29
19
32
18
-3
-4
6
-7
21
-22
-5
8
-96
47
21
20
52
1
32
-18
12
-10
3
6
-27
9
-15
11
-12
-15
-6
-4
-27
21
36
14
0
21
-6
-8
14
-19
6
-4
16
1
23
32
4
-12
-23
9
4
5
-3
-1
30
-5
24
-28
-24
6
-8
21
-5
-4
-43
42
17
51
-13
29
-10
27
24
-6
40
-2
2
-12
-3
0
-28
0
2
9
-26
-13
-26
-9
-39
-18
-22
-9
-6
-17
30
21
12
-9
-5
2
27
-25
11
-40
-2
11
-10
-36
0
-21
34
-7
2
-15
4
22
-14
16
12
25
0
-24
-2
12
-14
19
-1
-25
13
-22
4
-32
9
24
-19
-50
-17
44
112
-10
-10
-2
26
-8
-15
-33
15
-35
-6
26
13
5
0
7
-2
15
19
-19
23
41
23
29
-24
0
3
-26
-4
18
18
-2
-10
22
23
-10
-12
-9
-4
2
28
-28
-19
14
14
3
32
18
9
12
-6
-11
12
-7
22
21
-19
2
-27
-5
15
-35
13
0
-36
-32
-14
4
33
-10
-15
-25
-6
-3
-4
-15
-18
3
32
-6
21
8
30
1
-19
-3
6
-8
-20
-10
-21
-12
-22
-5
-11
-3
-3
48
-19
14
21
-18
15
5
-31
-34
-55
0
14
27
12
21
21
8
-12
-11
-2
-25
-2
31
-7
-28
-49
-17
34
-29
29
-20
37
28
37
-16
13
26
4
34
31
16
-27
1
9
28
-12
-21
-21
-28
-3
-10
18
-21
-35
-18
-15
-35
-14
-18
-3
-37
-23
-9
-1
14
-3
21
2
-11
-13
24
-14
-24
27
8
-3
-16
-25
-29
19
38
-15
-17
-3
-14
-25
21
-20
5
-21
-15
1
19
-31
-2
-15
5
6
7
-15
6
-22
10
-12
-28
-22
9
-5
-7
17
-13
-11
-4
0
6
26
-24
-2
-10
-7
-9
-11
-23
18
28
12
-17
-11
-19
14
-7
-12
23
23
-4
10
19
14
-17
12
3
-1
21
-17
17
4
-20
-23
7
-2
6
40
4
1
29
27
-21
3
-11
-13
-30
-9
2
14
-4
18
3
-19
19
19
31
-3
-8
-32
-3
2
-16
1
3
-6
9
-15
3
16
-9
49
-21
39
-11
-12
21
31
-3
-3
16
-11
27
-31
-12
3
5
-16
13
-8
5
-4
-7
2
-8
24
-25
11
48
-6
-7
4
-3
-10
1
3
-13
-29
24
16
15
-12
-5
-22
12
38
16
-22
-5
-40
-21
-22
88
-2
-25
9
11
1
-7
-14
-8
18
-11
-34
6
1
11
16
-5
-26
-17
16
-8
-34
-33
42
-8
-1
31
-9
9
0
-10
-7
-36
14
19
1
42
23
-12
-21
-32
-33
0
-11
-5
-8
24
48
21
19
-26
-19
43
15
-3
30
-8
44
-25
6
10
-27
5
-18
37
47
-41
-20
-23
-13
-11
11
-22
-10
11
6
-38
-29
-61
-10
-13
7
-4
-11
-2
10
-40
17
-9
-21
31
-7
-18
24
1
14
-32
1
-11
3
-53
25
44
0
5
-32
26
57
-10
18
-45
20
-1
-4
-23
-8
-35
-18
17
-15
-2
-44
0
0
5
-4
-10
-4
7
-11
-10
5
4
8
15
23
-22
-43
27
-30
7
-22
-42
-26
2
-16
21
29
-18
32
15
20
36
-14
-41
5
-20
14
-7
5
-22
-15
45
-27
-16
-30
-10
0
1
-33
11
-36
-20
15
-16
-65
-1
-11
33
20
20
13
-18
-23
-47
44
-1
36
-26
-26
14
-1
-3
32
32
-20
7
23
33
-37
-28
-16
-13
44
-20
12
-36
-30
4
18
2
-15
-6
-1
-16
39
-24
1
-1
19
-3
28
24
8
3
-17
-27
-13
-16
25
-20
-10
25
-9
-32
3
-27
21
-16
9
-16
11
-11
-16
-10
-8
13
-19
4
-18
-9
37
-3
10
-7
7
0
61
7
-38
-23
-16
25
1
-26
7
38
9
-8
5
-11
-16
-29
-10
2
39
8
-5
18
-8
-12
-14
-3
0
7
-22
9
-20
-30
2
-12
17
19
-24
-3
26
-32
10
-15
4
0
-28
-44
11
-4
6
15
59
-19
-22
12
-12
-4
-21
17
-16
-19
30
-15
10
-1
-11
2
-21
36
2
15
-3
-12
-21
20
-10
13
11
-11
-8
-44
5
28
-6
0
11
7
10
4
-18
-6
8
-5
-4
-8
7
23
13
3
17
13
-14
-31
29
-32
9
36
9
24
1
-2
-5
8
-15
6
1
47
41
2
0
14
0
-2
-25
-12
-19
-17
-7
8
1
-5
-19
-31
-16
-9
13
-28
4
2
4
-21
15
-33
39
-26
-37
-20
20
-25
3
-7
-7
-28
9
4
7
7
-6
-18
-24
3
-8
-43
-25
-7
34
-9
28
-47
3
-27
-16
-14
39
5
-15
-22
-39
-17
-40
24
2
7
5
-28
-18
1
-22
-32
-17
32
-3
-20
17
-18
-31
-29
37
-35
25
0
-23
-8
32
-42
10
-12
-25
-12
12
-21
6
20
-1
-16
-8
-39
1
-8
13
-58
-20
24
-22
19
-17
23
-30
-25
1
-26
-34
36
-10
18
-11
-32
33
-3
-17
10
46
-5
-28
3
-18
-16
-11
-3
17
23
15
17
-33
20
-5
-4
-12
-4
-16
-14
-5
19
5
-4
-23
-19
5
-14
-6
25
32
23
11
-2
10
-17
-3
14
0
23
6
-2
-9
17
13
-4
-22
-12
4
23
2
-4
-24
11
4
-5
0
-11
22
15
42
-20
-27
-1
-41
8
20
-12
-1
19
-37
-12
24
-14
24
-13
3
31
-20
-26
-1
-9
0
29
30
31
-7
9
16
-12
29
-11
-3
0
13
13
6
4
22
-25
2
-6
-3
-12
7
1
7
-12
-7
16
19
-36
7
-7
-11
-9
1
-25
-21
35
-25
-8
-18
-14
-13
-6
-5
-9
14
0
-15
20
-29
-6
2
18
-14
15
-26
-9
-5
12
-4
33
-32
5
29
43
23
-25
41
62
-43
-20
-1
-11
2
-2
7
20
36
-11
-21
13
-15
-18
34
46
6
22
11
18
-6
-19
16
-11
-23
-32
7
-1
-3
-11
-4
12
-45
-8
16
2
4
12
-22
-18
-15
-23
17
-1
9
13
-43
16
6
-7
44
38
37
-2
33
8
-12
20
-17
-3
22
-19
12
16
-29
-2
-3
-21
33
-44
3
1
6
49
24
15
-8
15
-32
4
35
-22
-9
6
66
1
-18
-19
-5
-10
-11
-28
-5
-7
56
39
-30
24
-36
17
-9
-25
20
6
5
45
-35
25
-3
11
30
12
-32
1
-22
21
3
-12
-36
-20
-27
16
9
31
32
-7
-20
11
6
3
18
13
-23
-20
-16
15
-18
-5
-6
-9
-17
17
39
8
-1
-3
-2
7
40
-9
14
19
-28
8
-38
14
-15
2
37
44
-28
33
-1
15
0
-11
-4
55
-26
-18
8
8
-38
19
3
-3
22
-26
-24
56
24
-10
12
16
22
8
-6
13
3
39
20
16
11
4
11
-46
7
13
-3
7
43
10
-5
73
26
-9
-11
8
15
-17
15
1
-6
3
10
15
-6
11
6
14
-20
-1
41
-14
2
-6
-5
4
-13
18
44
-7
-23
-10
14
-28
-16
-1
28
13
9
-13
23
54
-19
-18
-4
27
5
1
31
26
-22
13
31
12
-6
31
-26
-27
-6
7
-32
-3
7
34
-13
-7
12
-17
10
0
-8
0
-30
-25
-11
-9
18
6
-24
26
18
-9
-12
1
-15
7
-10
22
2
-10
-12
22
-24
11
-3
36
25
9
17
-6
-14
35
20
-23
14
9
-34
18
37
0
-15
22
26
14
-1
-7
37
8
1
-11
1
-12
2
10
-6
-8
-15
5
-12
-12
-25
-6
-24
-13
-23
8
-8
2
1
-15
69
-9
5
17
-23
-17
-7
-5
-6
-17
14
13
12
15
1
-1
-13
-27
-10
-17
2
-8
-8
-17
20
22
6
-20
-16
-16
-5
-31
0
-1
52
-4
-20
-15
-21
0
-39
20
-10
7
-36
-19
-20
-24
-3
-9
18
29
19
17
-14
20
-3
-8
0
0
-9
5
-5
-5
-11
21
-15
-16
31
23
4
-17
-6
1
3
-2
-11
-7
-10
-27
8
-9
32
-9
36
-19
26
4
-8
11
-14
19
11
-11
-4
-6
20
2
-7
-4
-15
0
-12
39
31
-7
-25
-9
-11
33
12
-13
-23
-18
2
10
-8
1
-17
-34
22
-4
-5
27
0
14
22
-6
-14
41
3
23
-15
-18
6
-11
24
-7
8
5
-16
2
15
-38
5
0
-27
20
-12
38
56
0
4
-23
-28
-23
7
9
-3
-1
-26
-9
-5
-6
7
-11
28
9
-24
-6
12
1
8
-5
-8
26
-13
5
5
-3
15
-12
-14
22
-14
-4
-9
19
-26
35
-17
-40
3
-21
-19
33
10
34
-6
3
31
4
11
8
-38
-25
-9
-17
27
18
7
-37
54
-13
-15
-15
42
-1
-10
-18
-25
-34
-14
-22
18
10
11
-27
13
10
-3
40
11
47
24
-14
-29
-19
7
-3
-18
5
33
-3
-22
5
-5
5
-9
-7
-7
-1
-5
33
-16
-12
34
21
-25
1
21
3
-17
29
-18
-18
27
5
36
19
11
24
-16
-10
-13
-29
18
-14
-18
-6
9
18
25
11
-31
31
37
4
-17
34
16
-11
22
12
-31
-2
14
32
25
-17
-5
8
-1
6
-29
-5
-6
3
29
15
-4
5
8
-18
7
26
-11
-21
-2
2
16
8
2
37
20
12
1
-8
-26
-8
12
15
-6
-34
-3
-1
28
-2
-8
-10
-18
5
13
14
20
-7
42
-9
-2
4
-18
-30
-23
14
-5
-4
27
-21
-24
21
8
-4
23
16
-6
-16
7
-7
2
4
-23
-3
-25
-1
23
3
-7
-24
-10
29
-20
-6
-6
-9
43
-1
-2
27
12
-30
-7
0
-24
-34
-33
1
20
-33
37
-13
-19
-7
10
-10
18
-8
-24
16
23
-9
8
32
3
-13
-19
24
5
-11
4
11
-26
-3
6
3
-3
-11
-7
4
26
2
-8
-11
25
54
16
-16
1
4
7
-18
-3
11
29
1
10
27
-10
4
-2
-11
13
-4
-10
-18
14
11
7
13
-4
-12
27
39
-13
2
-4
-10
-25
-7
-24
-5
8
6
5
-7
-7
15
-24
5
3
-10
-20
-10
-16
20
-5
-19
12
-1
-21
-2
-5
4
-13
-25
3
-17
6
4
-12
10
16
-15
4
11
-15
18
-4
-21
-8
-6
22
23
9
-15
-9
13
7
9
25
12
15
28
-12
-2
-14
-8
5
-12
5
-26
-9
7
-13
36
-20
-5
0
3
19
3
-17
8
40
-15
-11
-38
-9
32
2
18
53
-21
0
-12
7
6
-9
-11
-17
33
-22
20
-24
3
15
21
-15
1
-11
-26
-6
-15
-34
-29
54
23
15
13
-12
-9
37
12
1
25
17
25
16
6
-19
0
-17
5
20
-23
21
18
-111
11
6
4
20
-22
4
16
15
10
6
-11
-52
8
-10
2
6
-23
-32
38
7
9
-8
-7
-9
7
14
23
13
8
-3
-33
-12
1
34
-4
25
-21
-2
-8
7
-2
-20
-4
1
8
12
-4
-50
45
-4
-4
5
-17
8
0
-5
37
-11
10
14
15
-3
13
53
4
2
-43
-2
4
25
-1
7
-21
-26
-35
46
24
13
51
-16
-27
6
45
-36
-5
36
4
-24
-2
-42
38
-5
-38
-17
2
6
-23
9
31
12
-27
-2
-3
-17
15
-13
-20
-9
6
-11
17
-21
46
-13
44
-40
-7
-25
-6
0
-7
-15
6
8
9
21
37
-52
2
-36
-32
-7
-5
30
0
-16
-14
-13
-25
13
-13
-27
1
-6
-25
-24
20
82
11
-28
-2
3
-3
5
7
4
15
2
12
-13
-18
-29
-55
38
-32
-17
11
-20
4
-46
-27
10
-6
26
-5
-8
-31
-31
-37
-16
-22
27
-27
-2
14
28
23
7
-35
41
7
-28
-8
-21
-20
-4
-5
-28
-11
-21
4
-26
21
38
-8
28
2
-27
-4
-15
5
-14
1
13
-5
27
-30
9
-33
28
9
11
-7
2
-11
35
39
8
40
23
-3
39
-1
-23
-30
-14
9
14
2
-26
-20
26
-25
12
-4
-6
25
-16
16
32
-2
-3
-15
-7
-31
-7
-8
-5
-29
-29
-11
18
-24
-26
25
-19
29
-27
3
20
-7
-38
11
35
-20
-14
-10
-15
-8
-4
-24
-10
-10
14
40
-18
60
24
5
22
24
-14
-1
-48
-4
1
-13
-16
10
-3
-23
5
3
-18
-2
15
-7
-25
31
5
18
-7
-20
-10
28
-12
-10
44
1
-11
21
-13
-5
-10
31
3
15
71
-33
-17
-15
37
-15
45
-9
-2
-7
-29
22
-4
-32
41
-44
4
-13
-17
-11
-11
-11
0
-21
5
12
63
34
-28
-27
24
-17
-16
4
-42
0
32
0
-17
-5
27
2
16
57
-8
-26
18
-5
28
10
5
26
-9
3
20
2
44
-17
-27
11
-24
21
9
-15
1
34
18
28
26
15
-11
4
-35
31
30
-49
-9
30
-3
7
1
-20
-11
0
-8
20
-26
48
1
-3
21
-14
-18
20
-18
-16
-1
-11
11
17
-22
-4
63
3
34
-24
5
-46
-2
7
-28
29
31
61
20
-11
14
-14
21
-15
-23
18
4
-38
16
2
57
-10
-4
11
23
-24
8
-10
22
13
-23
-7
-12
-1
-20
-16
-3
-12
-9
-3
-2
-14
-40
26
-16
9
-9
17
31
-10
25
-5
-4
-14
-19
2
20
-18
12
-14
7
36
25
21
-13
44
-42
-24
-16
-14
-16
-1
7
-1
-1
5
10
15
3
-33
-29
-30
-44
-9
-18
9
26
-8
-20
-15
-32
-13
0
9
-53
35
2
36
1
-29
-19
1
11
2
1
-21
-7
7
-1
7
-21
-8
-6
-32
-7
-30
-11
-6
-11
-28
-18
8
6
-3
-8
-9
-17
0
29
-39
2
-35
11
7
-25
-34
33
-22
24
-39
8
-15
3
8
33
1
-11
-11
-9
-15
7
-24
-7
2
-7
3
-8
-20
10
15
-36
17
-2
-33
8
-28
-14
-16
-38
-14
25
-22
-7
-19
-30
16
8
2
-2
6
5
-27
-13
12
0
-14
-22
-3
-6
-11
7
15
14
-31
13
-2
-15
14
-7
17
7
13
-10
11
-17
-20
-10
-5
5
1
6
-33
38
-31
41
-29
-6
17
20
-47
-5
-27
-19
-8
17
-25
-32
-19
12
14
55
-30
-13
-20
-29
-11
10
-11
14
-5
10
-18
-32
-20
25
-12
3
-15
45
16
-15
-4
-11
17
-19
6
21
-42
-1
33
-13
-30
-2
-19
6
-19
-22
-25
-14
-2
-23
3
-36
22
-16
15
-30
3
69
3
31
-18
-40
35
30
16
-27
-19
10
30
6
14
10
-33
-34
9
33
33
-6
13
-12
11
-7
17
2
-13
-16
17
5
4
6
48
26
-34
-15
-24
2
-18
0
4
12
-22
-17
-29
44
-31
0
15
-12
5
-56
45
2
-2
-15
-47
11
16
0
69
-11
-6
-12
12
70
16
41
5
-14
-19
35
-1
14
-2
-12
5
-34
13
-15
-51
-19
-19
-5
30
-24
28
42
-12
-21
-10
21
-9
79
28
24
-36
-12
53
-24
-20
69
-16
-7
-24
-9
-25
-34
-33
10
-43
10
-40
18
37
-42
-3
39
-41
31
-3
-36
40
-14
8
-27
-9
5
-14
-13
-13
-3
46
13
34
80
42
4
-11
-3
12
7
25
-31
-22
-26
4
-21
17
9
27
8
26
0
20
3
-4
-18
23
-6
30
-47
3
-9
-13
-22
6
-2
-5
0
8
6
1
27
8
-26
-12
-3
-19
10
10
-16
-21
-22
-18
8
3
25
24
57
-21
8
-11
-20
6
31
-22
13
-13
-20
-36
0
-28
9
21
-6
18
-15
3
16
-24
-1
-7
44
21
-15
-16
-40
-14
-2
-18
-17
-11
-14
-29
-1
-25
-18
-25
-10
-27
6
-15
-3
-4
22
-16
-43
-16
-3
4
10
-4
29
-16
-30
-30
-6
-21
1
-2
-26
-34
-29
13
21
-7
18
10
-5
-9
-24
31
43
5
-38
-18
10
30
11
-12
-5
-8
-4
-11
0
-15
-21
-11
1
-19
-17
50
-19
-22
1
-2
-5
-4
-37
-3
29
12
6
-3
14
-11
3
-8
34
52
-24
-4
-22
-9
-13
-3
-1
-15
-4
-21
74
42
16
-2
48
-7
33
16
-24
-23
-26
9
47
47
11
-2
14
-32
7
22
13
35
49
-15
-12
6
-7
-5
-18
38
2
-21
-6
32
10
57
23
-4
-41
-9
-17
-2
-4
-8
-1
-13
-3
-27
31
41
-16
11
-29
-4
-29
19
-28
-7
34
-26
10
25
-17
-4
-19
-26
-20
3
-23
] 
