Format: OHWI
Output Channel: 64
Height: 1
Width: 1
Input Channel: 128
[ 
-15
21
-24
-36
-11
-6
4
-7
26
19
13
-31
11
-2
-20
-17
-23
-7
-3
-4
-41
3
2
24
-7
28
-23
0
-2
-29
19
-15
55
10
-34
2
-16
-32
6
21
-2
-29
-20
70
-24
-4
56
-42
13
55
-34
-27
2
78
5
-3
8
13
-27
82
-29
-1
29
-3
-16
0
5
0
9
8
-22
-12
-1
-16
-39
27
-20
-6
-27
0
-24
5
14
25
-17
-34
-18
16
-8
42
21
56
2
37
-1
-40
25
-31
-6
-17
3
7
-26
0
13
-13
-2
-34
26
-1
13
-10
-31
-25
1
-38
-3
34
21
-19
-10
76
-7
19
17
8
-26
2
20
-16
-42
21
-7
-5
-13
35
-13
19
19
12
7
5
10
-3
13
63
15
-21
-9
-5
2
1
14
-6
43
-1
-8
3
-26
-13
-33
-14
-21
-7
-20
-58
-20
-26
6
12
-3
19
28
-17
-37
-28
-15
17
6
2
-9
38
25
-24
3
7
16
-11
-46
5
-11
-21
-7
32
-5
47
-19
9
-15
-3
-12
-20
-21
1
8
10
-30
14
26
-14
9
-18
-32
-3
-38
-10
-22
6
15
10
13
-9
-4
-41
15
10
-22
-15
19
-16
-23
2
-28
30
-17
-38
-28
21
39
-13
0
-11
-4
0
-44
56
33
12
16
2
1
-12
0
-47
3
-2
-1
-13
-23
-11
29
-90
-23
-38
-38
-9
-4
-31
5
14
-12
-25
2
-8
7
82
-7
0
-5
14
11
28
31
-6
-9
-29
41
32
-15
-33
-9
28
-20
28
39
-5
-21
-47
-19
36
12
-18
0
21
-10
27
-7
13
-30
20
-26
-4
-6
-25
-22
44
14
36
24
10
-4
9
35
23
-5
-13
74
-22
-4
10
13
23
27
16
-31
-63
-24
-5
-18
34
-5
2
-1
7
10
16
-60
-32
30
12
-10
-66
27
-31
-11
-2
35
12
-4
-7
-17
-8
-1
-25
36
5
29
16
-2
17
-27
-14
1
-66
17
-40
32
-8
-27
9
2
-25
-7
35
-33
18
-26
-19
17
23
5
23
15
7
-18
-14
25
8
-3
22
-39
-11
-41
-30
-12
0
-1
16
-23
-33
11
18
2
-7
17
-28
38
-1
-9
4
12
-25
9
26
-13
-31
-11
6
22
2
29
-20
6
-2
-22
-36
23
13
-47
41
9
0
-9
20
12
-9
12
43
1
30
28
27
4
-26
-42
-12
3
-12
-9
-14
34
-14
-39
0
-54
-13
23
-4
-19
-20
33
5
-1
41
1
-26
9
12
-19
16
7
2
32
-7
13
-6
-25
-2
13
-12
18
-4
42
-12
-2
-16
-28
9
13
-3
9
-29
-15
-34
16
9
-16
20
2
-25
-5
21
29
-6
-21
-3
25
-5
18
-24
-15
-27
9
12
-2
-39
-13
-13
19
17
30
-13
4
7
-13
12
21
6
-13
4
6
-13
28
3
-20
15
-9
27
-14
-8
24
-21
20
-13
3
-11
-13
15
-37
2
-4
7
10
2
-39
-17
-3
-6
30
37
-14
13
-16
8
5
-26
7
-14
-3
0
4
13
0
-12
-9
10
13
12
22
23
21
9
27
1
-4
33
-6
14
-6
-2
6
-28
-41
-13
-4
9
-2
-39
21
-24
-29
11
-16
40
34
-7
-14
5
-12
-6
22
21
-28
-18
5
0
16
-30
-11
39
-44
-23
-12
-36
-1
9
-25
-14
-17
-23
22
-23
0
-8
-32
23
-9
-2
-3
-24
16
7
20
-14
-23
-15
-11
-2
28
-11
-5
-39
16
21
83
-36
6
-24
2
17
-13
-9
7
-12
-25
-19
-2
14
-23
16
-11
28
32
-8
-34
18
-39
-10
-28
6
-23
-39
-19
-19
-3
23
27
3
-25
-4
-8
-11
3
-8
-3
11
-19
-22
-20
-9
-15
-39
33
-9
20
-17
10
-14
-20
7
-15
-33
-21
23
8
4
-14
39
26
-3
-14
-17
-7
7
55
14
10
1
-6
-6
-7
-3
28
-2
23
-8
-7
-13
2
9
-25
9
-9
37
-18
-29
-2
-4
-12
3
-19
-35
12
8
-2
-25
22
6
-10
-7
22
-27
19
58
47
-53
4
-10
-44
-20
-14
26
-22
-19
26
1
-13
6
28
-28
-28
-6
0
6
15
-51
0
-27
45
-40
-27
14
-7
-26
-22
-9
-7
2
-6
-21
12
-8
-16
28
16
-35
-14
-3
-20
-38
60
-21
4
-20
-48
-3
-8
7
-11
23
10
10
5
-30
24
-33
-9
-12
-9
-8
-12
-11
-25
-64
-34
4
-20
41
4
-7
6
-1
53
7
8
-24
-30
5
5
0
-2
1
-12
-46
12
-15
25
-41
-5
13
40
-5
24
-5
-20
26
12
15
-14
-20
-12
55
-10
-21
-14
-18
-3
2
-4
-25
-3
8
-12
-3
2
-17
-4
36
-16
-26
3
8
-19
-9
13
4
-41
46
-42
5
-17
37
1
-7
0
-15
15
-8
18
-3
7
-13
22
19
-26
68
37
-33
14
-7
-25
-10
0
15
-28
13
-8
40
19
19
-15
48
-22
24
6
-19
29
7
3
-40
-6
34
-23
19
21
-10
3
3
-1
-25
0
-32
5
-23
-5
-31
-12
-5
28
-10
1
-32
-6
9
17
27
-20
-22
-17
11
-3
9
32
0
14
-3
6
-5
12
-2
-28
27
-39
16
-17
7
-17
7
1
-5
13
-12
-24
-2
20
-24
-32
-11
-18
-25
-21
-3
25
18
1
13
-20
2
-36
20
6
-9
14
6
-22
44
17
-38
14
-30
34
40
-14
-24
-26
20
8
-20
19
10
-9
61
2
2
-12
-6
-4
6
-33
12
9
-5
21
80
14
-11
16
9
26
-9
6
-4
-19
-19
-11
-12
17
12
-7
-15
-13
42
21
34
-14
70
-6
10
34
-34
-37
-17
-25
-38
-14
8
9
-4
3
-12
-14
52
-24
-3
24
-9
-5
-23
-2
33
39
9
-1
-3
-9
-26
-19
3
1
-10
74
3
-21
11
1
-25
-12
-24
-20
20
-1
3
-21
0
20
-40
-18
14
-12
66
-22
38
8
31
23
11
-36
4
-5
-18
-5
6
20
-6
4
-28
-25
-2
9
-15
-31
-8
-4
-30
-24
12
1
-10
15
-30
-29
-3
-8
-30
37
7
25
42
27
-15
12
-49
-29
-26
-8
20
0
3
-35
4
-14
12
-38
-24
-40
-4
47
3
18
-19
33
42
45
-26
3
21
5
11
6
32
8
1
15
22
27
-11
-24
-13
-19
8
7
27
11
40
24
-4
16
9
-2
23
13
-16
13
-3
-15
11
-31
-11
-39
11
38
-5
16
46
-25
-6
27
11
23
9
4
7
-24
28
-5
14
23
-15
-54
0
14
1
32
8
12
-13
5
12
-12
-17
26
3
13
-9
-40
54
-21
-40
-38
14
1
-39
55
-32
-20
3
15
15
-18
-12
31
-3
2
17
2
-5
-15
5
2
-11
51
37
25
5
3
-6
-16
-5
12
-11
-11
-22
25
17
19
-21
-5
12
3
-5
-22
5
-24
-10
-24
14
9
-18
-27
-3
4
11
14
-7
-33
-30
14
-28
4
2
-16
-5
-27
5
-3
18
-16
-13
-18
-4
20
13
-13
-29
24
-8
-13
-20
-19
48
-5
19
19
-21
-11
15
20
17
-30
-12
-7
11
31
4
1
-3
-21
20
14
-20
10
-9
-31
-1
11
38
7
-12
-28
3
5
-23
-4
18
13
-6
-17
22
6
20
-4
-18
-26
7
57
-5
-23
-11
-5
-21
24
31
-2
-10
-3
-18
29
-8
21
-6
11
-13
19
-16
10
7
-44
-11
-40
37
14
-4
20
-2
-18
22
9
-15
10
11
1
-2
-21
14
-3
6
-12
44
-12
-1
13
-22
28
-7
13
18
-1
1
-6
-2
22
-3
11
26
-3
15
1
-16
-10
57
-6
-8
-6
-7
2
-5
1
-22
1
-18
-23
12
-25
65
13
-11
14
-11
-7
-16
34
-25
-5
-12
7
1
-6
4
-38
-19
-12
-11
-37
0
37
-38
14
12
-8
-32
27
-15
-10
24
-10
32
18
-27
0
-6
-8
-1
-5
6
37
21
-23
-11
33
-15
17
-19
-6
14
16
-20
13
21
33
-2
-13
-20
-8
40
0
14
21
30
-39
-2
4
34
-32
45
-26
25
-17
24
3
-21
-7
-12
38
-20
36
-11
-1
-24
4
-17
-7
7
-11
-24
-28
-85
18
-2
-16
-10
-38
34
-43
-29
22
1
-24
28
-4
69
-27
1
-35
-24
-9
-2
-26
-24
27
27
-20
18
-24
-16
-31
-11
14
43
-41
-10
-57
-18
-15
-30
1
23
-22
-33
-2
1
-16
6
25
33
35
19
20
-9
56
-13
7
7
-21
10
-18
-2
20
-18
-21
-19
-42
-1
-17
2
52
-14
-68
38
9
-17
5
-22
15
-3
-10
-55
26
8
-41
13
-28
32
21
69
26
19
-9
3
6
-47
-11
19
13
-36
47
-6
0
25
5
5
-6
24
30
-5
15
-22
47
0
-6
39
-6
8
0
-21
10
34
6
35
-18
27
-31
-25
46
-8
-6
32
-2
26
20
1
4
-42
9
-12
1
4
-10
3
7
1
-24
34
-10
-31
21
-10
20
-6
16
7
0
20
-4
-78
-11
-9
4
11
-12
-26
4
62
22
3
-35
11
21
10
9
-8
-29
-8
22
46
14
0
49
-39
-20
11
30
-5
26
21
-1
-24
-6
-39
-10
42
7
16
28
-7
13
-26
-4
21
-5
-23
-7
-10
-25
47
-16
-26
-6
-3
11
8
9
48
-10
1
22
-5
-8
17
-16
-1
31
-27
-28
-8
-9
22
46
-20
-14
-16
17
-12
-25
-12
-28
16
-55
15
-8
4
52
-19
-8
17
23
-45
36
-45
-5
-7
8
-57
-21
15
-20
0
-19
0
-8
-2
-2
15
-14
5
-4
-7
-31
36
-36
0
-19
-20
-15
-34
-7
-22
-7
-2
5
6
-10
3
-12
1
-47
56
42
2
21
-19
-12
-1
-3
31
-1
3
14
15
-16
39
17
-18
25
21
-8
-26
16
32
-4
-4
2
-1
58
5
-27
-1
3
5
10
59
-40
-33
-18
14
8
0
17
6
38
-37
-9
-20
-17
-22
4
5
-7
-4
-5
15
-9
-31
4
-3
-8
28
-27
-9
4
3
-32
13
34
-27
-27
13
57
-12
9
5
-1
-47
-30
-1
-16
2
26
-4
-16
50
4
-20
-4
-25
-52
-15
5
-9
-48
-18
-14
-27
8
-14
-30
-6
20
39
-31
3
-25
35
1
4
45
-10
24
-19
3
-18
-10
-7
63
-13
-14
7
-1
-27
16
-3
4
9
9
-14
-27
30
-5
-29
-23
-8
26
14
-14
-29
8
-39
23
-8
-8
-12
-28
-4
1
-19
0
-13
1
28
-10
-61
7
-22
-11
14
-33
44
-5
-13
46
-19
-9
-17
7
-12
1
-7
1
26
-15
-15
8
-2
-16
16
-46
25
28
-4
36
25
-25
-29
5
-24
15
0
4
13
38
19
-1
-22
-28
-2
-43
11
19
-15
-24
64
-2
-13
16
-14
28
6
14
1
10
-23
2
5
24
-13
-6
-16
19
22
-6
-24
14
-18
-10
6
-9
-3
-21
-3
13
46
7
-7
-31
1
52
-21
-20
5
8
3
-22
29
-42
41
15
7
-30
6
11
37
3
-16
35
-10
19
-1
0
-5
-24
21
61
-16
14
-37
-11
-10
-41
-3
-23
-28
4
-20
-34
17
10
-11
-9
11
11
-15
-22
-2
-19
4
-7
12
24
-11
29
9
9
3
16
-16
-45
12
-11
39
-9
-42
-7
-28
4
23
-6
-27
-30
31
-9
19
-9
-11
7
-6
12
2
26
24
9
1
25
7
31
11
5
1
-12
31
-4
-10
19
59
-7
-12
-6
0
13
-1
1
38
-24
54
-38
-25
39
4
9
-1
19
7
19
16
-21
-10
41
20
10
-3
-16
17
-8
9
-18
30
1
-25
24
20
48
19
-2
4
-2
19
36
-6
22
-15
26
-34
26
6
-34
-3
-8
17
-18
-14
6
10
36
-13
-2
8
40
18
33
18
-24
-11
10
29
-3
4
38
25
13
11
-17
-10
14
5
7
-15
-19
8
8
31
1
-23
-24
-27
-20
1
5
45
-5
10
45
4
12
13
-22
13
-6
27
-26
-5
34
-1
-1
-13
13
-28
-21
5
-20
11
-33
46
-13
-7
9
20
3
-5
-8
-13
16
10
7
1
50
23
14
2
10
-7
22
-4
24
3
16
18
6
-1
-16
-22
-25
6
-34
-17
4
21
-22
0
2
24
-14
3
37
-33
-30
12
-2
-11
-40
55
-3
-11
12
30
14
33
-35
12
50
32
-6
11
-13
-29
2
66
-5
33
9
-15
25
-18
-39
11
-4
11
18
25
-5
16
-13
13
-4
-10
18
-34
-11
21
32
18
-18
25
-6
36
-11
-7
-24
-28
1
32
19
14
-6
-40
35
62
-30
4
-10
-25
24
7
-24
12
-2
-5
44
-1
4
17
29
-36
-33
-9
3
-7
-2
-44
36
5
24
21
3
21
8
-21
32
-20
-18
4
-25
11
-11
-18
-16
-24
26
34
60
-18
-22
6
58
7
21
-23
45
-8
-12
-26
53
-22
-2
14
-41
-18
37
-26
63
21
20
-21
-36
-2
-12
24
8
0
-5
-28
8
-6
-3
-1
-40
-30
17
-30
-10
20
-22
19
-24
3
-13
-1
-19
-17
2
22
-5
-16
3
17
-32
17
6
19
-22
-5
-20
-6
22
22
0
-1
-40
-25
7
26
-5
-37
-26
-35
-10
-26
-23
29
-27
7
3
18
-23
19
26
-12
-6
12
-2
9
-33
-13
6
19
32
-66
39
-10
-16
-35
10
-23
-7
0
3
-21
-14
-4
17
16
39
-20
-57
2
-21
28
35
23
-11
-23
-15
-4
9
-25
-4
29
12
-7
11
-19
-4
5
15
-17
-25
-26
34
17
7
-13
0
21
-7
12
-6
3
-6
21
62
-8
-10
-4
-15
-19
-3
-21
-36
0
-23
-11
1
10
7
57
9
34
31
6
3
-51
4
-12
13
29
34
-3
19
20
-6
16
-7
-9
-25
8
-3
-23
5
-3
7
25
4
-37
18
-17
-7
32
-46
12
-3
-4
-19
-14
-5
-22
-4
-40
-24
8
35
-6
-31
-31
-29
19
19
26
19
25
-5
-7
-20
47
-12
4
-16
-12
6
12
18
-12
10
-14
-15
-7
-27
33
8
27
-9
28
-36
-24
-9
-22
-11
-7
18
-12
-29
-55
10
-31
-26
-10
10
18
-5
-16
-5
6
76
-23
-28
-25
25
-1
-6
-29
-7
8
-20
41
1
30
-8
-4
-27
11
-23
-31
18
-50
31
-18
11
15
13
-20
-16
20
44
5
7
7
-29
-24
-24
-31
-22
-37
-18
-46
14
-10
15
-34
-26
-4
-11
0
6
1
-10
-10
31
23
-14
-39
6
-8
-24
-12
-7
13
-32
22
41
-39
-3
52
-3
47
7
-24
-14
-13
-1
-18
-15
-28
9
-12
-12
10
-6
-15
12
-43
-17
-33
-15
5
-14
-19
-19
15
11
39
-5
-8
20
-30
-5
-24
0
-5
-16
9
-4
14
-15
42
-15
18
14
8
-7
46
-10
-12
19
-24
-15
6
32
-19
-34
19
4
47
-34
-19
-1
-4
-32
7
-19
-1
-2
-17
-12
40
-33
1
-5
-1
-12
16
-55
-17
17
7
39
-1
6
-22
13
-5
55
-13
-15
16
8
12
27
-13
-4
2
44
-1
16
-11
-19
34
8
2
-18
-23
-14
-24
1
-17
-6
-4
10
-2
-14
-18
-5
-33
-10
7
-18
1
-6
42
38
25
-25
-10
-5
-10
7
-6
41
-36
-9
-51
-3
7
8
-8
-18
27
-1
107
17
0
-2
52
-39
11
-9
2
-4
-5
4
-11
-26
-42
-13
-39
28
-6
-6
-1
-43
39
0
-6
5
46
-18
17
-21
-11
-6
-59
-51
54
-12
-30
-21
16
-37
1
-38
-42
75
-11
25
3
-1
63
-22
35
-23
45
39
-9
-15
54
-9
-2
-8
15
-5
4
-30
-20
-38
-15
-8
-25
-20
-15
-8
16
0
-23
10
54
4
-17
5
23
24
-6
-17
-9
34
-31
-18
-3
-26
13
-17
-9
-6
20
33
-36
5
-2
40
24
22
-46
-25
-21
6
-36
-36
-14
-23
-8
2
-5
-7
-8
13
-13
-21
6
17
20
51
-28
2
39
11
10
-18
-23
-53
39
19
-14
27
19
24
-41
4
14
-16
57
-15
-35
-6
-41
-29
-7
-28
-36
4
21
-18
15
-6
20
-8
16
-7
5
-20
-13
-12
-9
11
11
-18
-12
-33
-14
50
-5
-1
31
19
15
-15
-14
15
-4
9
-40
19
-10
6
10
7
34
7
9
-16
-21
4
-24
38
-20
-9
-32
4
-4
40
27
-6
-33
-20
11
54
17
-28
-30
65
-5
9
-24
-1
-31
45
-13
7
21
-11
-3
-13
-1
34
-10
21
25
-9
17
19
-34
-7
11
-19
-31
9
4
-26
-14
0
52
30
11
4
-10
5
25
-18
-17
-41
17
9
14
9
-30
24
-5
-17
21
-7
5
14
-8
24
6
16
39
18
-2
55
-12
0
8
-25
-15
-24
-23
11
-10
37
22
20
9
-2
-13
25
16
28
-15
-29
9
-12
3
-34
-8
3
-60
-19
31
-6
3
-43
22
-38
27
43
-12
20
-5
-24
13
-10
-18
26
-8
-14
-22
8
17
24
16
-19
-15
-14
20
-3
-15
16
11
1
-15
21
-12
-28
16
-22
31
6
1
32
-14
20
34
11
27
-36
-3
-14
8
-9
-17
-32
12
-6
12
-23
18
-1
-22
-18
-17
-11
13
7
-38
42
-20
-22
-2
-21
-7
6
-8
6
18
-22
22
8
23
45
11
16
21
-1
49
-8
41
3
10
42
16
-35
17
-52
-12
-39
-8
10
78
24
21
-14
-19
-7
27
-12
-30
-24
-19
21
-51
-16
34
-23
-5
-9
26
28
6
14
-13
43
7
17
51
41
-28
10
-42
1
-27
49
22
-24
-3
-26
-5
11
0
85
-7
-33
-33
-4
-22
5
6
-6
-17
16
18
37
8
37
34
-14
-8
-15
3
-17
8
-10
17
-7
-30
23
-15
-15
-10
-21
-30
7
-31
-25
14
7
-8
-12
-3
-16
-13
-48
16
-16
28
5
72
6
1
43
-27
13
-19
-21
8
9
-10
3
-1
-12
13
-2
12
9
-12
-1
-7
-15
-24
26
10
-20
20
17
4
-21
7
-35
24
-17
-26
-7
38
-28
7
-15
6
-4
-32
5
-11
31
34
16
-6
-15
6
-40
6
-23
-24
6
39
-35
-6
53
-9
-1
23
18
12
4
42
-11
3
45
18
-8
24
21
15
-40
-3
-17
9
-11
1
-16
-1
2
-22
-12
72
-26
-5
-54
15
12
12
-20
-9
-34
-27
22
-9
20
25
29
-33
-2
3
-19
-5
13
24
-18
-16
10
49
-14
14
0
-29
-17
-14
-10
-21
-18
-7
66
-7
16
-4
14
-2
-7
-11
-6
37
-6
52
-22
-15
-23
-27
-31
8
-16
56
-49
-12
14
-21
-37
-27
-19
-30
-17
-13
10
0
12
-18
17
27
-28
4
7
2
-6
1
20
27
-4
-7
-19
-33
-36
-16
7
20
0
-59
26
-9
-32
-5
2
-51
6
17
-33
-15
-9
-6
1
-29
39
20
17
35
8
11
67
12
37
22
102
11
-1
4
-8
71
19
21
37
-14
-1
-25
-26
13
-6
-1
3
7
-16
-13
-7
14
-40
25
-45
18
30
17
2
24
-14
42
-11
-3
15
-15
15
-1
-32
11
17
11
2
-13
-31
-12
-4
-28
-25
-8
27
-12
-15
44
5
36
-11
-15
-11
12
10
0
-18
-31
-1
-24
5
-28
19
4
19
17
7
-2
5
-46
-40
-3
7
39
0
-14
-4
-13
19
8
-19
-7
-11
-5
-4
-1
0
27
-9
16
12
-6
36
-37
26
-11
15
-29
-7
-22
-20
-20
-13
-37
-5
-33
7
-14
6
8
7
77
-29
-18
-44
-14
-6
16
42
89
2
-13
-25
-32
-21
-9
13
-17
-11
-9
5
-22
15
3
-31
77
-24
6
-17
7
60
-29
-30
4
-28
-6
-44
-5
22
-23
-16
-30
20
-18
20
14
-7
-3
16
-12
15
33
-17
-26
18
-16
-7
18
-6
7
9
11
47
17
2
36
3
14
1
-11
-2
-9
-11
-5
-14
35
-63
-7
-39
18
21
-8
-68
-31
-32
0
-37
24
-2
-4
-43
-57
12
39
25
-26
21
24
9
32
-12
16
-42
5
37
16
7
-23
-2
31
-8
-3
-35
-44
12
0
41
-21
14
1
-4
16
1
3
-3
16
-9
-15
-17
26
-4
12
-16
3
-6
22
-7
-4
-18
-16
-42
-26
46
-9
31
-28
14
17
-33
-15
-48
2
12
-78
32
-40
35
-2
1
-17
18
80
2
-57
-48
-13
4
23
-3
-29
-22
40
16
10
25
-35
-19
65
6
-36
16
9
-14
58
-16
-1
-24
-32
2
-3
-6
6
-27
58
-10
-17
11
21
-7
2
-50
9
-32
-4
1
-21
0
-21
-2
-20
24
-36
-9
-12
64
16
26
-6
37
-22
-33
19
-25
-26
8
-31
49
7
-20
-21
-21
-9
-10
11
-4
-20
-23
26
-23
-29
-48
22
-40
20
-13
-48
-26
12
49
-4
-26
-18
18
-23
34
-22
14
-21
-16
-12
-38
-29
59
-43
11
-41
-16
-22
-19
26
-6
7
-12
38
14
-1
-23
37
-31
-33
1
13
-5
-23
7
13
27
31
1
-11
-19
8
44
6
-22
-41
39
28
-11
-7
-16
-26
8
-30
-32
9
6
-31
-11
-25
-15
53
8
-12
9
6
-26
7
-3
-10
27
-16
0
-36
-14
34
6
-5
24
-42
30
28
-13
24
17
10
-13
-13
-37
39
19
-36
44
14
-7
11
-20
-29
-22
0
30
15
-18
-28
29
5
-13
-19
45
21
-18
-2
-4
-34
-1
28
-7
-7
15
55
23
-10
-37
6
1
-2
26
2
26
-27
6
-14
4
-10
61
48
-22
3
-10
-6
-14
-24
-29
19
19
-4
-11
-33
-24
23
8
-10
42
-20
-25
-3
-5
-15
-22
4
-13
-11
-2
-36
-7
-27
-23
5
9
-12
-5
-20
-10
-8
25
-40
12
0
-25
-7
22
-24
-31
-32
-17
-12
-23
12
-11
-3
-3
-5
-2
12
12
29
-22
29
-40
26
7
-20
-34
-6
12
-29
-29
17
-10
7
-12
-1
14
6
34
6
-10
-32
-1
4
-26
-16
-40
-8
-1
-39
-14
-5
-18
-32
8
-17
-14
-12
-32
7
1
52
-15
-32
33
43
-31
-8
-8
-18
23
9
11
-22
-16
-8
3
-7
17
-28
4
-2
2
-8
5
-22
-7
-26
0
21
16
-13
-12
-10
7
-7
21
-4
75
33
-32
0
-38
-21
-10
-31
54
-1
50
-28
-7
3
-5
-3
10
16
-25
1
-7
-11
26
-3
-37
-2
12
14
-16
-8
-23
26
-21
23
-6
34
-36
-21
-15
2
-31
-8
4
7
-22
18
22
-11
-15
-2
-44
-27
-19
-16
55
58
7
3
-4
-45
12
-4
-4
-32
6
-5
-28
-2
1
-8
19
-12
-14
-3
63
6
32
-19
-17
58
-18
-44
9
26
-2
-8
15
-19
-13
-7
17
9
-2
16
47
-3
11
-20
-17
-6
-8
-9
-5
-9
-20
16
30
-18
-39
52
-22
-8
-21
10
-3
-32
-13
2
-10
-30
-7
26
24
22
8
-8
23
-2
-39
-3
-7
-16
1
-85
-20
22
22
18
15
-2
21
29
-14
20
-4
5
60
-25
0
20
37
-28
29
35
16
8
-17
-3
16
63
-11
-21
36
1
23
-12
-10
-5
-16
-22
-6
22
-24
-7
-10
17
17
-31
0
11
-16
-8
30
10
55
1
-2
-32
-7
-1
13
11
31
-10
-3
-4
4
5
-4
12
-23
10
-16
30
7
2
26
2
14
36
-20
23
-14
18
-11
-18
-4
4
-5
25
-2
-29
8
-17
36
7
7
-18
6
-10
-21
1
-6
18
-15
1
-25
-36
0
-30
7
-12
-7
-5
0
1
3
29
-8
0
15
5
7
10
-9
-16
-10
23
-6
5
19
-1
2
9
-38
18
-10
30
22
17
-1
-36
41
-5
-14
-34
-21
4
23
2
4
-5
-14
-3
9
-16
1
2
9
-34
-26
1
-30
42
-3
-45
-4
-3
33
-2
2
5
-11
2
11
28
-23
-11
16
-26
27
-7
5
17
-4
-17
7
-18
-23
21
-21
-13
33
-19
-13
-1
-23
-15
9
-25
26
50
30
3
0
0
19
-26
-12
-38
-29
-52
-12
-16
14
2
-20
7
9
12
18
-19
19
5
4
4
-15
11
32
-32
-3
6
-13
48
-2
-25
16
20
-42
-2
90
-7
28
-33
14
-14
-39
-30
4
-13
38
-1
-36
35
-15
49
-3
-4
-9
-59
-16
35
-13
6
-19
-2
13
25
-33
-16
10
2
-17
-35
-6
7
-19
26
21
6
33
-18
-27
-22
-19
37
-33
-24
-22
-14
8
-25
-12
-27
-40
-30
-12
16
-19
8
2
-16
-16
3
45
9
14
2
-26
-6
-1
28
-6
52
1
40
14
-15
1
1
-5
-1
-9
-18
4
-33
69
1
79
48
41
-4
5
-13
-22
-27
-4
-9
-29
-19
53
-24
13
20
-2
-48
6
33
20
-29
18
-8
-4
-33
-1
-22
-6
11
2
35
53
-12
-41
6
-23
-22
-26
-12
5
-3
-20
-1
-1
17
0
-2
19
-3
3
-14
8
18
-37
1
-30
-8
6
-78
-8
6
9
31
11
-24
42
-7
-8
19
-32
-6
-38
-10
-9
-4
-15
5
40
14
2
9
-4
-6
10
-26
-5
-9
-28
24
24
-29
-16
-1
25
0
35
26
-14
-16
-8
39
38
17
14
19
-6
-21
2
-21
58
6
-11
-27
7
-8
-12
-13
-1
-9
-16
-1
-10
-12
-1
8
6
-6
-22
59
-27
0
-5
-28
13
8
39
25
1
2
-2
36
23
-8
-28
8
-6
-8
-5
9
6
-25
-4
2
24
25
-35
-2
-1
-11
1
-8
-10
-9
8
58
-1
-13
15
-3
-29
-33
-32
-10
-21
-48
8
11
3
11
-5
70
13
22
-16
-21
-1
-11
-18
27
10
14
13
11
39
17
4
-15
2
-2
9
18
-18
-5
-23
18
2
22
5
-39
33
-28
-3
54
17
14
35
12
-38
19
-10
25
-22
15
-7
-10
3
-3
26
14
-5
14
44
12
11
13
-13
5
0
1
-25
-12
-23
-16
-2
47
-9
11
-3
7
-20
-22
-11
-7
63
-31
20
-17
22
2
-10
-33
-13
-31
11
-30
6
-1
-7
14
27
-4
15
-46
8
3
32
-4
4
5
-15
-15
-17
-39
-30
-36
-17
5
11
13
-10
5
33
-12
-23
23
-4
-6
-12
-31
-23
20
-33
-26
1
-35
43
7
3
-17
-12
10
-16
16
-21
-6
-6
6
51
-3
28
4
-17
-36
2
-4
47
-12
-1
-1
17
29
24
-16
-26
25
27
49
-28
2
-7
29
16
-24
-7
8
1
-33
4
-28
-45
-19
-8
23
-13
13
-18
-4
-12
10
6
11
-9
10
4
6
-4
11
-3
-21
-17
19
25
-49
-8
-2
-13
-2
0
-24
16
19
-14
-2
34
3
29
-3
0
39
36
3
61
42
-10
-27
31
-1
-1
-24
-13
16
10
-9
48
-24
56
15
-33
-14
-4
-9
55
-30
29
4
6
-21
6
-35
4
-22
8
-16
42
-7
80
36
-4
5
-10
-2
20
13
4
-8
-20
-22
-1
-5
15
-1
-27
6
13
7
-9
2
-25
23
-7
-13
1
6
-10
-7
26
-5
-15
7
3
15
51
-12
22
4
-20
-31
-4
2
-5
23
-22
-7
-24
31
-23
-21
-4
-12
8
-30
-28
-21
-13
-27
18
-3
-14
11
34
-33
-33
-17
-12
36
21
-7
-13
-38
-11
-3
-21
-19
15
-5
-24
-21
-32
-16
2
0
-13
-38
-25
20
1
-27
43
25
-36
-3
-38
-11
-8
16
3
1
29
5
2
-26
37
44
-6
-9
47
-6
-13
14
22
-22
0
15
27
22
-19
10
1
-11
-22
-19
21
-16
36
-27
12
15
-6
30
-24
5
-47
-23
-4
-16
-27
1
11
-10
-12
-19
-14
17
30
19
-29
19
13
-13
-8
-50
-12
2
-6
-19
5
-37
36
3
11
-10
0
12
18
-12
-7
-8
-13
4
-2
24
-30
-7
5
27
10
-12
22
0
12
16
-41
-11
-10
-4
-33
23
-2
-28
-8
-34
-10
12
-16
76
-12
9
-5
-4
-10
-28
-5
-31
-11
11
21
29
-17
-47
12
27
16
-3
15
-7
24
35
0
-16
-1
-24
-5
-28
-7
-10
17
23
2
7
-29
3
15
12
30
30
12
8
-11
12
-6
16
-18
-21
6
31
-28
8
32
-22
-16
-35
-20
-30
4
-10
-13
-11
-46
-23
-7
-1
-4
14
-36
-16
-19
-7
50
-51
3
25
49
30
-8
8
2
3
-9
1
-34
1
-16
-11
5
-24
8
4
-31
13
-17
37
40
19
10
13
15
-8
-14
19
-14
4
-17
14
4
-10
8
35
21
14
-8
9
12
18
29
10
-7
-17
1
-40
14
-17
4
-9
10
-16
-13
23
-48
-27
20
18
-23
19
7
-6
-17
-22
-27
-12
-28
-17
2
-76
-46
5
15
19
34
-20
20
17
5
5
-18
22
-4
-2
0
6
-20
-6
-27
-5
-10
21
-22
3
-3
-29
-23
1
25
41
22
19
-6
-21
-24
-52
-10
10
16
-30
-30
21
-9
-7
50
10
3
6
-8
20
2
-4
-9
15
23
9
-20
-39
-9
11
9
21
-30
-14
-2
-39
25
-6
-40
-36
9
-13
42
2
10
-2
-1
16
32
18
3
-1
4
-27
-36
-23
9
-28
-18
-19
-4
-7
-4
1
-14
-25
18
-1
27
-15
-3
26
-25
0
46
3
-24
-18
1
-20
6
12
10
46
-7
-26
-43
3
-38
13
-10
-14
0
7
1
9
-7
14
24
-58
-11
-18
11
18
17
-2
38
-4
-12
81
29
-6
-22
4
-33
15
-45
12
54
-33
7
42
31
7
6
38
40
13
6
-8
22
4
-17
43
6
-25
-30
21
24
1
8
-1
-20
22
16
29
24
-13
13
-7
13
56
-2
1
-51
-16
-24
-31
-33
-1
-18
-22
-10
11
-37
21
9
17
-10
-21
18
-8
-16
15
99
42
81
-28
-20
21
10
20
21
8
11
-3
26
8
-38
-3
-35
-31
-4
15
-29
-22
-22
-19
-5
16
-5
10
-37
26
-5
-48
0
66
-38
-20
-8
9
12
-31
27
-43
14
30
-15
0
-5
-32
-14
-11
3
-21
4
62
-27
-10
-7
21
-2
29
-5
-11
-8
-41
-6
-3
-46
9
-11
2
-46
29
-14
-18
-3
9
-22
19
-2
28
16
-1
-1
14
-24
23
-26
-23
-12
47
39
21
-27
-23
45
-3
31
-12
5
-30
12
-3
5
26
-2
25
-10
24
30
5
59
-18
-10
-24
5
16
27
9
12
14
-40
12
-8
-35
-19
44
-25
21
-7
-6
10
-37
-9
18
48
-7
16
-14
-31
54
61
4
2
4
5
-28
24
-22
-4
9
-40
11
-30
22
36
42
8
-9
-69
-31
-8
-30
-26
-10
6
-18
-11
6
51
29
13
-1
-35
-12
10
-14
-16
-10
-18
22
-4
59
25
45
-37
34
-8
-6
5
-19
6
3
-21
48
37
10
22
17
-15
-6
-23
-8
5
-47
-5
13
-24
41
30
-12
-5
44
-18
-10
13
-50
-23
-21
-2
2
-11
6
-12
-18
12
8
3
26
40
32
13
3
6
21
11
-9
69
10
-53
23
-17
-43
31
22
-11
-15
-8
-15
-19
21
4
22
-37
1
30
-1
-31
-18
-10
-52
0
-2
35
-6
-21
0
-17
0
-8
-4
66
-3
26
8
-30
-27
3
31
29
0
-13
-55
-7
37
10
-2
-1
35
-16
11
-25
-13
-24
7
29
-14
-31
25
-46
-2
17
-8
-29
-5
19
-4
-34
-10
-15
30
21
29
-28
-9
5
14
-8
-15
-24
-55
-9
-16
21
12
-22
3
12
-22
24
12
27
-19
11
-11
-6
-20
7
-20
-39
24
-18
2
-18
-21
-25
16
52
-5
-28
40
0
11
1
-29
19
5
54
-14
4
-18
-2
50
6
9
-7
-26
31
5
1
-2
-21
-5
-23
-2
30
-9
4
-13
-6
25
-14
-22
13
-29
-38
-14
-25
-9
-5
33
34
6
-2
21
-22
2
-3
-23
24
-8
15
-8
36
-15
-19
-21
32
-4
-20
-39
1
46
1
4
17
41
13
-30
-25
18
-1
-33
-3
14
-11
10
-59
-25
62
-5
-31
-12
-25
3
1
30
-19
-33
-11
-20
-10
32
-23
25
-1
1
1
-2
30
14
27
19
29
-1
-35
-1
-20
-7
41
-17
3
13
13
-60
18
-31
4
14
23
-16
26
-13
-14
-3
-25
-9
-9
-15
-30
53
-23
-4
21
-2
23
5
31
-2
-23
-14
22
-2
1
-16
-25
0
-23
-3
-9
-7
-32
7
-10
-7
10
9
14
49
-5
-3
16
-21
-43
-7
-27
9
52
40
12
2
-51
3
26
25
-6
15
-3
-7
6
4
34
2
35
2
-24
18
-6
-10
-31
26
22
2
23
-23
38
-1
-4
-3
-6
-35
22
-3
-46
5
0
-33
6
32
-17
-22
-1
3
31
-29
-11
10
-31
-37
22
-19
-13
-8
22
27
-27
-3
3
-4
-11
10
-24
-15
-8
18
8
9
-2
10
-18
-18
7
21
3
-1
-37
7
3
12
-15
7
-23
-9
-16
-17
34
4
-6
6
-24
-3
-18
-5
21
3
-4
-16
-11
-3
-28
-3
51
-2
-13
-27
-5
27
-25
-2
25
19
-20
0
2
-31
-2
0
3
10
-47
-23
39
2
16
8
-13
32
61
-3
1
19
6
46
2
19
-14
31
11
11
2
-2
-38
-21
-20
-12
-30
26
-5
-31
-5
-18
-8
24
-34
-26
-15
3
7
-25
13
-15
-34
31
34
55
-45
-36
29
0
7
-18
32
-18
-50
4
-5
12
-5
6
21
24
-14
12
22
-14
7
-6
-3
20
-16
8
13
-3
-24
-3
5
17
-12
-5
1
-17
37
-18
11
-5
-23
-14
14
30
18
-10
38
44
-1
-31
3
-7
-14
12
-3
-1
15
-20
-26
-21
20
43
14
11
-27
-23
-21
33
-1
22
-9
-25
32
-28
-23
21
-9
-22
-11
-4
-14
-12
-26
8
-4
29
-7
4
-17
-4
-9
29
0
-10
-29
5
5
-18
-26
-3
-9
-14
4
-1
-10
-11
-1
-4
-2
11
1
-31
-9
-1
4
7
-4
52
-4
-3
15
4
11
10
-18
-9
-6
17
-7
-48
3
5
-13
-8
-30
-2
18
11
54
-22
5
-18
-19
7
11
-31
-12
7
14
37
-18
-11
3
8
2
37
-25
4
22
24
14
28
9
-10
-3
43
7
-17
-22
-13
-12
0
-3
5
-29
23
12
10
-32
-26
-9
3
4
5
-42
-42
-19
9
6
-45
3
30
56
0
40
5
16
-30
-19
-15
-31
41
-38
0
-17
-21
-17
-32
-46
8
-13
1
-2
-12
-34
15
-8
45
-9
11
-14
16
-9
60
9
6
-11
42
-16
-22
36
14
24
10
9
57
-25
6
-48
-61
-14
3
-13
-11
-5
-19
-34
-7
-23
-20
2
18
3
16
-9
32
-11
28
6
17
-7
-5
24
1
12
21
34
10
-15
5
20
4
22
-6
-37
-22
-43
-33
42
-7
2
-18
12
-21
19
10
3
-16
-39
-8
3
-14
-23
11
20
38
-25
13
51
1
-14
-23
-45
-11
6
-26
23
25
-5
30
-29
18
-17
-21
5
-19
19
-8
-19
-28
-28
14
20
8
6
-22
14
-19
8
-74
-59
45
23
39
9
31
70
10
5
-22
28
-18
-4
-48
22
-19
-18
35
-21
12
-1
3
-19
22
20
-13
-16
11
-18
0
-18
0
-37
5
3
-7
-3
-15
22
16
-13
-39
-17
-2
29
-12
-2
-1
-7
5
7
-12
-29
-45
-24
-30
-13
-5
-14
-8
-15
18
-25
34
-15
-43
-3
40
-25
14
-15
-23
-44
-30
-16
5
4
1
-19
-29
15
9
39
17
-16
-27
-5
-21
-43
-37
-31
-13
27
-9
-4
46
2
-11
3
7
-17
9
61
22
-16
-4
12
19
-42
1
-13
-15
-28
-11
20
-35
-16
7
8
-13
13
-33
23
25
-22
-7
-32
-10
17
-2
-10
28
6
-17
16
40
-10
51
24
-40
17
90
-28
-12
17
0
-37
-40
-16
-16
-21
-25
-29
58
-13
-22
-27
19
-22
-10
32
17
16
8
8
-7
24
48
-17
2
-20
3
-12
-4
24
-30
15
-20
0
5
-10
38
-46
19
-39
-14
-25
-24
58
41
-8
-9
-25
3
9
-3
-27
1
-5
8
-37
-12
11
-19
8
-20
-27
-30
-41
-39
17
-39
-28
-28
-7
-22
-3
-18
-42
-22
0
11
1
-23
-19
-17
-17
-12
-21
20
-4
-33
23
-1
-2
2
4
-16
-15
1
-13
33
-1
-11
-9
-10
-29
4
35
-4
-23
-17
16
-14
-20
-44
0
-11
46
-16
-20
-20
-8
23
0
6
-24
-11
-39
-26
2
9
-15
-26
-24
20
2
-29
6
-25
18
18
11
-8
-6
32
42
10
-33
-5
-26
18
-1
-9
-17
-1
-11
-7
25
-39
3
3
-8
-15
12
21
20
-37
17
-1
34
20
-20
-9
-31
2
-14
-13
31
2
21
0
-30
-35
-3
29
-4
3
9
-19
-18
-22
7
20
-8
48
24
11
27
78
56
-4
-4
12
-18
-6
26
-14
-11
-15
7
-31
-13
-30
33
39
17
5
-3
-34
4
-35
-4
-6
-21
-17
-10
-37
-41
9
-14
11
11
8
-20
-6
-3
-22
-16
12
-42
-5
65
-6
-1
21
-18
-45
36
-21
6
-18
5
2
9
-52
9
-6
-22
27
-7
18
-9
4
-1
10
-15
9
0
-2
5
1
52
-10
-7
-11
-11
-1
30
-5
5
-10
-10
-28
-15
9
-5
-21
-13
46
8
8
10
29
6
-18
5
-13
-1
-40
-7
-33
-20
-33
-13
-27
-3
8
1
5
-14
-17
-18
-3
-23
-24
17
-15
17
14
-21
-36
3
22
-17
3
-19
4
2
35
-22
8
30
-15
-4
6
-4
-43
-7
45
8
-8
-22
14
-5
-25
24
35
-21
8
0
2
-14
11
-28
-9
19
-49
-3
4
18
-21
-18
6
-36
-10
3
-14
15
5
-31
41
-13
-23
4
7
-16
-16
-26
-18
-24
12
-6
-45
13
-23
36
43
-20
-6
9
32
-16
-33
-25
25
52
-39
35
-12
-13
26
12
4
-29
-21
-8
-6
12
-13
19
-7
-10
0
-5
-3
-22
17
-17
0
-24
17
-33
-7
-11
-36
-11
-10
-10
-21
-2
-18
-16
-5
-46
-9
-39
10
-23
-34
-7
-25
-12
-18
-1
-16
9
11
21
3
-21
-13
-22
11
-8
-12
-17
0
-13
10
16
-5
31
-22
3
-43
14
1
51
5
12
-18
29
42
-2
-73
4
-40
-29
-21
-5
-21
24
-31
-16
18
-17
8
17
3
-2
-13
80
7
-1
21
0
-12
-54
-23
-24
-20
-51
-10
-43
-23
-40
89
31
-18
-5
-5
-44
-5
2
-13
3
21
-33
-30
6
-8
31
-1
6
1
-13
1
58
17
13
-1
0
25
26
-16
-14
8
-2
6
-32
-19
19
8
-1
-16
17
-25
-11
6
18
10
-21
-18
40
-13
-6
-24
-18
10
-10
5
0
-2
26
-6
-14
-17
8
9
-3
-27
75
7
4
96
46
-50
-10
6
0
-14
2
-21
24
0
-21
14
13
-14
31
8
5
-13
-10
-40
-4
-7
23
-36
-2
8
-26
16
-22
-14
-28
-13
11
26
0
2
-26
-10
18
45
18
-17
-36
-19
3
-39
33
14
-32
21
32
10
-34
-17
-29
-16
-7
8
41
-17
7
-5
49
22
-19
-20
-20
-11
21
-6
25
-30
-22
-5
-34
2
-21
1
-30
0
-19
-6
-21
-33
4
1
-15
-57
-33
-33
-19
9
24
16
-14
28
-12
-16
-19
21
-32
-22
13
-22
23
105
-43
11
-11
8
-5
-27
31
-52
8
0
-37
24
25
8
-11
-9
5
-14
13
-19
-7
0
77
31
-27
11
10
-27
-37
10
27
-21
39
2
11
-23
-10
-8
10
-5
14
11
-3
7
2
35
23
-19
23
-22
-35
16
-20
-29
3
-4
-1
-54
-18
-14
1
-23
5
-57
-12
21
31
-34
-5
15
1
60
13
17
7
-27
0
21
1
-5
-18
-10
-16
-20
-14
57
7
14
3
-7
-5
-15
49
-40
-27
31
-2
-23
2
4
-23
-14
-16
26
-24
-2
6
10
-24
-28
-18
20
18
-6
-33
33
4
-2
72
-43
37
-30
-3
4
14
9
4
19
-29
12
-8
-15
-15
-36
28
15
-11
-16
-24
-6
20
20
-10
15
-7
-14
-14
13
-11
1
-28
21
8
-6
-13
-7
-22
-19
4
7
-13
-22
-19
16
-1
19
49
-20
9
-2
-37
-32
8
29
-13
-14
30
-1
6
19
17
-15
-18
11
9
33
3
12
5
28
43
-8
-6
4
16
53
2
-16
9
19
-1
6
18
-11
1
13
9
38
36
-11
4
-7
-17
44
-13
12
18
6
13
-35
16
-19
-8
1
11
5
-12
-11
-9
-11
-25
-16
15
12
23
14
4
-29
-8
-9
16
-4
-37
-4
-12
-37
1
1
-13
30
15
9
23
16
12
22
3
2
-38
42
7
-16
-9
-30
-4
-18
-8
26
15
-1
6
23
-2
-12
0
51
6
0
-7
-15
16
-11
-35
-12
17
-5
-5
15
24
-19
-29
3
21
20
-15
-8
12
-23
-6
-32
2
0
-30
-30
-11
-20
-1
6
-10
15
4
-6
18
-7
-1
13
4
15
-23
-29
1
-16
-60
5
-13
6
-39
-17
-21
13
-1
-44
30
3
12
-13
-9
-13
3
41
31
-4
-6
24
7
43
-36
-48
5
-14
-11
-44
-29
-16
-37
-5
-6
-2
48
13
5
-13
-19
6
-40
-32
3
-8
-29
2
12
-10
-16
-13
-14
-9
13
-13
-15
0
-28
-19
-3
-24
-2
28
-13
14
22
-3
11
-22
-2
-14
-37
1
1
13
19
-21
13
15
17
-12
38
-22
3
19
4
14
1
-7
-30
-30
19
-6
-12
-11
49
10
-8
11
11
-20
22
20
-26
9
-12
-16
35
-1
-45
0
-26
38
-31
-1
-19
-20
45
24
2
-45
-32
8
-1
22
-15
2
-24
42
23
-22
-21
-12
-4
-14
17
-23
7
32
-21
-5
-25
-28
-38
-26
-28
12
44
-9
4
-7
75
-14
-4
35
25
-10
45
8
25
-5
18
9
-2
-11
22
20
12
18
-2
14
-20
31
-35
-45
6
-23
-5
-28
-16
12
-15
8
5
-42
6
-56
0
-15
-9
-7
15
0
-13
-31
12
18
-17
-27
-27
2
-28
6
-2
-3
-34
-1
-11
-11
-2
2
12
-24
5
-23
-2
15
-43
-9
20
-34
-12
-1
2
-2
33
9
27
2
-24
-24
6
15
29
-13
3
27
20
-14
13
-26
-30
-26
12
5
-41
18
-30
-21
11
20
-22
-9
-10
4
-49
-10
-12
2
8
28
11
12
14
9
-17
-3
30
-19
1
-1
9
35
45
-7
25
-17
-30
23
-23
24
-2
-26
-13
-22
0
-27
9
-1
-4
19
-27
-36
-24
3
-2
-8
23
-26
-10
-40
29
42
-15
-46
-20
33
-13
-33
-12
10
-6
9
-26
-26
16
-15
-30
23
17
6
50
-26
-23
-21
-16
9
59
11
24
-29
37
-10
40
-28
21
-23
] 
