Format: OHWI
Output Channel: 32
Height: 1
Width: 1
Input Channel: 128
[ 
-11
27
-1
2
-6
-2
-6
8
2
-1
11
7
-2
-6
6
-8
2
8
10
-4
28
-3
9
-5
-8
-17
-3
16
-12
-10
4
7
-10
27
-5
-9
1
4
-15
5
-7
15
-2
-4
-16
3
-4
-7
-5
-16
10
-19
2
-8
-13
-2
14
10
-6
-9
-9
-12
22
23
-19
-11
51
-6
-6
-1
-24
11
7
7
11
19
-10
-6
-16
36
30
-2
30
-24
-21
55
9
-10
13
-3
14
11
-14
19
0
1
1
-23
-16
-9
-13
-9
37
39
1
21
-20
4
0
33
-23
-4
-27
1
71
34
8
73
-25
25
16
-30
12
40
0
-12
1
1
-9
-12
-4
13
-7
8
13
10
21
4
2
10
2
19
25
28
6
1
17
-20
12
16
20
-10
10
-18
-3
33
15
-14
18
-11
3
11
5
-7
-1
-22
7
24
11
12
-11
28
7
-1
-18
-6
-20
-30
36
-2
1
23
-18
-16
-10
-7
18
-12
-3
-20
9
34
34
-24
-35
-47
20
-44
-8
51
-5
10
32
-43
41
36
28
-53
-40
-15
-9
-15
21
13
-28
-41
27
-13
39
23
-10
-39
-16
46
-3
31
-3
-30
56
37
47
17
-6
20
-38
-13
-7
-5
-27
-6
-34
18
7
-26
-9
-17
-26
18
4
-30
-11
-16
-28
-13
-1
-2
15
6
-10
-28
-17
-6
-22
-5
7
31
-14
-3
15
-19
5
-16
-2
13
1
-35
-14
23
-19
6
-10
-17
-24
-38
33
-43
-3
-3
15
6
25
-12
-32
-2
22
2
-9
-10
9
10
8
-15
11
-26
22
-7
-21
19
2
2
30
-18
-14
-36
-20
-33
-6
33
-10
37
57
17
13
12
-16
-3
3
-7
14
-30
-24
-3
-41
-24
12
-28
-37
58
18
5
28
6
6
-7
22
-1
4
84
-11
80
-7
-11
55
15
-2
24
6
0
-41
-14
23
-16
-17
23
4
18
-10
-30
-4
-30
-9
9
-27
23
10
6
13
-50
32
-1
9
22
-25
-36
0
31
15
14
-27
16
3
-12
18
1
-6
-3
0
-12
-29
13
-5
-2
2
-1
21
37
-20
13
0
-13
1
15
13
-4
-7
14
16
2
5
-11
9
-8
19
7
-8
-17
12
3
11
3
-15
-5
-8
0
12
-28
1
-10
18
11
-10
6
-15
-11
-7
15
6
11
-3
28
-39
16
26
-24
-3
30
13
-20
48
32
-31
82
-12
10
-3
0
-29
33
12
28
-7
-15
25
-6
0
-32
-1
-5
0
-16
-15
-27
37
-11
39
26
31
-7
1
-19
-18
-4
25
46
-18
-52
-5
44
-31
35
-33
-3
1
-15
5
0
23
6
-19
12
31
-26
-3
-13
-34
28
4
-2
20
66
-1
-10
-41
22
1
18
15
19
-22
12
28
-3
-29
2
-13
10
13
27
28
-10
-3
17
25
14
-4
-13
26
11
8
13
9
11
8
20
36
43
8
4
34
-10
-26
-4
6
-26
24
5
-1
-7
1
3
-10
-2
3
13
16
8
49
-9
55
-2
15
30
-33
28
11
-8
-30
-59
30
-28
-6
19
-3
-13
60
-34
32
-31
-15
-5
8
12
33
4
-6
26
-14
12
21
-21
-23
27
-58
-7
-3
-19
9
-9
-5
12
-12
-12
1
9
18
-12
23
-25
-3
23
-13
-46
-3
-1
41
10
-9
8
10
-20
-25
-13
-2
19
8
25
2
10
-19
12
-3
-7
-1
8
36
12
-11
-9
-20
-21
-5
-5
6
-2
5
-22
14
-9
15
-9
-2
20
-12
-4
-13
8
30
7
24
25
-13
13
8
-11
-23
-21
-23
-35
4
1
61
-29
17
-45
-5
-3
-37
13
-22
-24
19
-25
-36
-37
-51
-27
-43
-29
10
-22
-19
-41
20
-19
51
-12
10
9
23
9
0
-39
-18
-35
-21
28
0
39
28
-10
11
-4
-31
-7
-1
64
-37
-1
17
-7
45
18
16
-18
11
62
-12
-2
-42
8
9
-31
-43
-22
-23
19
12
-26
-25
42
48
-7
4
-14
-55
42
-31
-29
-36
10
-11
32
-4
-3
27
24
7
20
-9
-25
-3
5
8
-4
-32
-22
-42
-43
-9
-3
3
-18
3
15
4
-45
14
-35
53
-23
5
-20
-38
5
-7
-8
6
-25
-5
3
17
-6
51
37
31
-7
-14
-19
8
-33
8
-10
3
-51
-26
0
-10
2
20
8
-2
17
-20
43
11
2
-2
55
-3
-25
14
-2
90
-11
-20
29
-12
62
-24
5
-4
-21
-28
35
-28
40
41
-12
-1
-15
-28
10
5
-26
5
-16
49
-12
4
29
-44
-14
-7
-42
-9
-45
-21
40
-2
-48
-25
12
-12
24
-2
-8
-2
-30
-33
3
63
-15
-13
27
-6
-34
-32
-12
-23
-21
16
10
11
-1
-34
-8
18
-25
-22
23
-26
7
-9
-32
11
6
-20
-7
-1
6
-33
-22
-3
1
-29
5
-24
-7
1
-6
3
-17
14
-4
-6
-26
9
-34
-21
-21
6
-53
12
48
25
-18
20
22
0
19
11
15
-9
0
-5
-6
9
14
2
-3
24
27
-13
-28
-64
45
-7
-9
-12
8
-34
88
-12
-11
-29
42
-22
12
-2
-7
33
-1
73
4
23
34
80
-33
36
0
-4
-34
42
-27
24
9
-27
-12
14
-18
33
-24
53
3
-20
-3
3
-2
-15
-30
34
22
67
44
34
-61
2
1
34
-11
19
91
10
-61
16
-2
-5
14
-8
-6
-18
-2
29
7
0
26
-1
21
-6
-6
-2
-23
23
-1
19
-16
24
20
-4
18
-29
15
12
12
7
-22
17
-5
15
-12
2
-27
3
12
-4
13
-13
0
24
2
-22
7
15
16
-2
-2
28
22
-1
-24
-24
-18
3
20
-7
10
-24
-4
-29
1
3
16
-11
39
4
22
-8
-21
5
-19
15
16
63
52
52
23
-1
15
5
36
19
-2
27
-7
-14
-4
0
38
-13
-1
9
17
-6
12
-2
25
17
12
-9
8
-21
-14
-10
31
-13
-15
11
17
9
33
-26
-7
-8
33
-8
-8
-14
-12
-27
-5
-42
-44
-6
10
-2
17
10
-3
11
-3
9
16
30
15
-2
18
-10
9
18
-11
-6
-16
22
-1
1
1
-5
6
-6
2
16
11
20
-6
-5
6
-1
-7
-7
-21
9
-11
-20
23
9
9
4
18
0
19
1
12
-2
-17
8
14
26
-3
1
0
-6
17
-9
5
1
-3
84
9
39
21
-4
2
-12
-10
14
31
-4
34
46
-21
-11
-40
27
-5
-42
15
-11
-8
48
26
6
-14
62
32
-24
15
-2
22
11
17
8
1
88
-7
-19
13
-10
-44
-13
58
-5
-27
9
1
-24
-24
-11
-1
50
36
-15
19
7
-9
-36
-14
-2
16
-27
-1
-19
4
11
-7
25
-12
3
23
17
5
-13
8
7
1
7
12
-21
-3
4
-23
-23
20
5
-16
5
7
17
22
27
41
9
-5
-25
5
30
52
14
-14
13
11
-17
-24
12
45
22
-4
40
12
-31
-51
-5
28
14
-8
7
6
1
22
-1
5
26
-27
35
-2
-12
8
-13
21
81
-48
-31
9
-41
-15
6
-50
-11
-29
19
-41
41
-18
-10
27
-33
-8
-22
-24
34
-28
27
-26
-36
36
-41
65
-30
-41
-4
-9
26
29
-62
-27
14
-50
-53
2
19
43
-3
-30
8
-11
-11
-31
-24
-4
-9
-16
-41
-16
-4
-44
-9
50
-40
-43
38
-1
26
4
-3
15
3
-9
-18
-17
-21
-15
1
-6
-32
32
23
-5
20
13
-49
8
-2
7
-1
13
-5
-23
5
-1
-6
18
-25
-10
13
-34
7
-19
24
20
-14
-29
-12
5
-13
-18
6
-4
-20
-19
-39
59
0
5
28
12
-6
-16
-15
-7
8
25
-2
1
16
-69
78
-44
-3
20
-20
3
-24
-38
10
20
19
27
20
-43
-17
-57
-10
-22
-44
-15
4
-20
-42
-28
30
6
6
-47
-25
3
-16
16
-1
-55
31
-16
40
15
10
-14
-45
8
34
-18
7
24
-18
-16
48
-48
2
49
-34
23
-16
-28
-12
-3
-6
-14
-35
51
21
3
-1
0
8
-24
20
-11
-26
3
26
-21
-2
23
-23
-3
-17
16
16
-9
-36
-3
-19
-12
-19
0
-2
33
-13
37
11
-21
15
-24
11
22
4
-19
6
-20
-6
-19
-5
-21
-31
-1
0
32
7
7
-21
38
1
-7
-26
19
23
-1
21
-3
12
37
17
8
-29
-47
21
-23
-1
28
23
2
39
23
5
4
-3
-9
-16
-22
-11
16
9
-3
0
17
12
-30
-60
3
-6
15
19
-9
19
-7
-5
12
17
45
14
-17
27
10
8
-4
-17
-15
10
-8
1
39
21
-23
-47
10
-28
-28
18
-32
9
16
24
-31
-11
35
7
-23
22
-52
4
-24
6
3
-5
-5
13
23
-14
-8
4
1
-13
-5
29
7
-25
-20
2
22
10
17
-12
4
3
-8
-5
3
-17
35
9
-16
-1
-8
-7
-23
7
-62
33
-10
-43
3
5
-21
-14
11
-12
18
-57
-7
3
6
20
0
-15
-2
10
2
-39
14
-7
-13
43
65
-34
-68
76
18
-22
26
-27
-49
-15
5
4
-42
-29
21
-19
1
-22
-19
-34
56
-12
36
20
-8
-1
-1
13
-25
-45
-14
7
-45
32
12
-22
89
-58
73
-19
-1
-20
44
-35
-5
24
-8
-5
-7
-7
-17
36
-16
22
-58
-21
-14
-6
-24
9
8
-17
-38
-20
35
-13
5
17
13
-19
-36
-5
4
0
5
17
-20
20
32
-24
-9
-34
2
-24
13
33
9
-11
-15
-30
-38
14
0
-10
-25
27
-3
-21
3
27
-14
11
-21
-18
67
20
11
-14
-67
3
6
-15
-30
28
-22
-3
4
-18
-18
4
3
9
52
-30
4
23
-28
33
-7
64
-33
-1
-22
12
28
8
-7
-34
-24
-2
33
7
-41
58
31
-9
-5
5
-47
34
27
-39
14
-31
-5
14
-33
20
-17
3
-1
-45
22
-18
14
53
-9
-11
-8
53
-20
25
-3
-8
38
13
-2
-7
-15
20
-33
17
-30
-4
10
-20
-12
16
18
42
11
1
17
-3
4
-19
-2
-19
-10
-15
-41
-16
-38
1
6
-24
18
14
-50
29
2
-20
-8
10
-28
-28
-11
-20
-36
-1
-30
10
-4
-20
-16
3
-49
-31
-23
17
-11
14
-23
-8
16
12
-36
-24
-15
27
-19
-6
1
-6
-28
25
-9
-18
15
-10
0
13
15
-3
-11
-20
-3
16
-13
-16
39
-7
20
-30
-21
1
-28
16
-10
-41
60
-7
-58
5
32
-9
-36
-26
12
-57
-12
-28
-6
-40
24
-17
-21
-13
13
2
-3
37
-9
-61
-7
6
29
-21
10
-9
33
-44
-45
-8
-11
28
37
-55
-8
-16
-16
7
-50
22
-24
-71
-51
-14
-25
-8
15
0
13
1
34
-16
0
-36
10
-20
58
19
26
-9
2
9
-29
-1
-16
6
20
11
-6
-2
9
41
-26
24
0
-4
-7
-22
-33
19
-53
8
11
-22
33
-5
1
1
-38
7
-13
14
21
9
-17
21
4
-13
-36
12
-70
-9
16
-21
63
5
2
10
-14
-14
5
11
7
-11
4
-54
90
-14
-26
6
1
-15
20
34
6
56
20
19
58
-16
-75
7
3
-20
-12
2
0
-6
7
-6
-5
-27
-30
-59
-2
15
13
45
-15
-19
10
-35
1
-14
1
-25
2
5
26
17
-26
25
-26
-8
22
8
-16
12
29
-8
-10
17
-22
20
16
-7
-43
1
-3
4
36
13
-23
12
1
28
-8
-6
5
33
-4
28
12
3
3
-3
-36
20
2
-26
30
25
12
13
-37
-9
-13
-14
2
-17
-14
-33
-31
14
-32
-14
15
-14
26
45
15
3
8
-26
36
-17
21
17
-14
3
-34
-5
6
-7
4
-32
13
-21
-26
-1
-6
-10
-10
-45
-22
4
1
-12
-11
-29
36
-19
-31
-5
-34
27
28
-17
1
-37
-37
-40
-5
-42
-28
-4
2
12
-22
-31
-44
-6
-18
-69
-24
5
-28
-40
0
-3
-4
28
-13
14
-8
24
-18
-26
20
-16
-2
-4
-3
-19
-1
-11
43
15
-19
22
-16
13
32
23
-22
-8
20
-12
8
3
22
-47
16
-12
-54
-27
-18
-10
-56
33
-8
24
7
15
-3
-3
-14
-7
-4
16
0
4
-24
11
-9
4
-5
-18
18
-5
43
-16
-4
-7
-5
27
-32
-39
-12
15
-12
56
22
-28
7
8
-12
4
-30
25
2
-9
-35
-19
27
32
5
38
-57
32
-33
-38
47
3
27
-20
-30
7
-14
16
-34
20
-38
-16
-16
-42
24
21
32
-13
11
57
33
8
-22
-13
-9
2
-1
-4
-10
-4
103
3
7
19
5
-4
-7
12
-22
0
-19
-38
-13
23
-6
3
-34
-5
-31
33
-16
26
-5
4
-8
27
56
7
-9
5
29
-11
29
8
-22
9
-17
20
-3
-4
-2
28
30
-16
-34
20
-8
11
-1
-19
-19
-25
16
6
38
13
-17
-7
-44
-1
4
16
-4
-1
25
-5
8
-13
8
4
-10
33
13
-23
14
-9
35
-11
24
-28
20
-9
11
6
-20
0
4
-31
13
-6
-15
-23
-31
-7
25
19
-29
8
7
-23
-11
-3
35
73
13
39
-56
16
13
8
3
-12
91
-30
-8
25
-14
21
-6
-41
-4
-12
-1
-38
41
11
-9
63
-26
10
-51
16
-31
-24
-23
7
9
0
-35
20
-25
10
5
-46
63
9
-57
15
7
26
-10
-14
53
-29
26
8
3
1
-10
-2
11
-4
-14
15
8
-4
-5
-14
3
2
-22
-18
22
-1
-5
3
13
-3
0
-18
-11
37
-16
-20
-2
-23
-14
-12
32
17
-8
10
6
-10
20
-5
-15
13
-19
-16
-10
25
7
-8
21
1
8
19
-15
14
-15
13
-28
10
14
-4
-8
-3
11
-11
2
23
-11
-2
-5
0
-20
10
34
-3
-26
-20
-6
-40
-25
-24
-15
-22
31
17
8
5
13
3
26
2
-15
26
-16
23
-21
16
-8
-5
40
-20
-11
-15
-17
21
-24
10
-24
29
-1
25
41
16
5
22
-3
-24
1
24
-14
-11
56
8
8
12
-2
-21
-1
-8
-31
8
51
19
11
9
0
-34
-28
28
-10
-2
-8
-24
24
64
15
-62
-33
-7
70
22
-52
-11
13
-2
-50
8
-10
13
29
-1
22
33
9
-9
-34
-10
-27
-22
-23
10
-1
-5
-8
-17
-7
-12
-1
-68
-17
2
-28
-15
11
-17
-40
14
10
1
27
-12
-41
36
-20
54
63
-45
-51
39
-50
16
40
19
6
55
0
-8
20
69
42
-8
-31
9
-33
0
-14
7
-8
-35
-12
34
22
23
11
-13
39
-10
1
19
-52
8
-33
-30
-24
64
-73
-15
27
-25
1
4
-5
-7
13
28
-13
43
34
33
-21
-18
31
-15
21
-17
11
15
-56
1
-20
-19
18
13
49
-16
21
-10
86
-12
-5
-22
16
21
-23
-6
-19
24
24
3
40
38
-26
0
1
15
8
-26
8
-15
-20
2
-13
22
-4
20
-20
-36
-24
20
21
18
-21
-23
-50
-15
-6
-9
-33
-20
-29
9
1
10
-26
-8
10
31
2
-20
-24
9
7
-7
-10
-46
13
-27
15
35
-3
-45
10
-20
-19
-7
18
2
46
6
57
1
-30
0
-66
-18
-1
-22
30
1
67
-42
-2
-6
-31
-60
31
-13
-33
-10
-16
7
-6
3
30
-4
16
-34
26
9
14
9
64
-17
-14
6
-16
-17
-21
13
34
3
-12
-34
-28
-2
-17
3
-23
25
-14
14
-11
-1
-1
-19
-21
-5
-4
-17
-37
-32
0
1
-22
-18
3
-17
11
-27
17
-11
-30
27
-17
-25
-22
11
-21
-13
-20
17
21
-19
2
14
1
2
18
23
-12
11
2
4
-6
6
-15
13
-13
-21
-1
6
24
6
-9
19
19
-24
-4
11
6
-10
-6
-16
11
18
1
2
2
-9
-11
-36
13
-11
-25
-24
-39
-37
-29
-3
-4
-16
-28
3
41
-30
7
-4
-3
-5
-37
14
-3
-25
18
-23
-14
-12
2
28
-34
6
28
-3
0
54
22
-1
-41
-14
-18
-6
-11
-7
-6
-12
19
7
-42
21
23
-32
0
1
7
22
-8
-20
-13
-25
6
-29
-18
-15
-2
31
-15
-7
-1
10
11
34
-4
-4
10
2
-21
24
-15
13
-10
19
9
22
-24
3
-24
-6
-2
9
20
2
0
5
35
-26
-7
12
18
19
-1
-30
-12
-9
8
-31
-17
10
13
28
-33
8
7
5
27
18
7
33
40
64
6
25
47
-12
25
5
-47
16
-38
3
12
72
18
-2
16
18
-6
22
2
-20
-17
-37
2
-35
-21
-32
26
-3
49
-1
50
53
8
-13
19
-14
23
-15
75
-11
7
-12
31
-58
-58
-6
-8
-27
-8
-36
14
-12
40
-69
-12
-13
10
-14
12
-56
24
15
-15
35
-28
27
9
11
1
-13
-15
-6
-34
25
-31
7
5
5
-27
-10
-9
22
-6
-23
7
-2
4
-15
-12
-24
-2
-6
0
6
-7
-12
1
12
-7
37
-30
25
0
-8
-2
-11
-5
-17
-13
15
-9
-6
28
-25
-16
-1
-18
-2
-3
0
3
-2
-5
30
-21
-7
17
-2
-20
27
-4
7
-1
-4
5
-15
6
-26
-11
-47
2
20
-7
-5
18
-8
40
-15
9
1
22
-23
-29
26
-4
39
-43
-7
-17
-10
13
23
-4
-6
43
-22
8
10
48
47
-30
5
53
-5
-10
12
-3
-3
24
42
-26
-2
46
0
17
7
-38
7
17
3
-3
-11
-7
-10
-11
4
5
-7
37
-13
23
-3
19
-20
-11
-27
-23
-15
-31
-19
-8
-19
-9
22
-20
6
13
10
6
-33
28
2
-21
-46
3
2
-11
18
-4
2
-19
-17
-20
-19
-5
-16
-38
10
-7
-13
19
-10
-2
6
-8
-5
14
-24
-7
12
-1
21
38
44
18
2
9
22
-46
1
-37
0
-17
6
6
-28
-40
15
-7
21
-23
0
-12
-21
-64
-9
-41
-21
5
-13
-19
5
12
-16
-48
-9
-2
-19
12
-19
-4
-16
-23
21
-50
-2
-1
25
-5
84
32
13
-29
-54
2
-36
2
3
-26
-39
-21
0
-22
0
23
-7
-12
-1
-11
2
-29
-17
27
-9
-27
-2
14
0
-39
-7
26
-1
8
6
-17
0
-4
-19
-19
-9
9
2
13
-13
9
-9
-12
-36
-17
15
9
-33
-17
3
-14
1
-16
-7
-16
-20
-8
34
-11
2
-3
0
5
-15
15
-17
5
-49
-16
-11
17
-12
-3
-30
-5
1
-26
71
17
13
30
25
0
20
21
1
4
12
-24
9
-32
18
-8
14
-42
36
28
37
-43
-9
13
-4
-29
18
3
-39
12
-5
33
33
-10
56
-37
-5
45
-48
-29
18
-24
-1
7
-21
-7
2
-28
14
34
-40
-36
-7
-30
-10
-25
-3
-44
47
-19
-1
22
-29
-11
17
8
-9
-4
8
15
3
-1
8
1
-28
29
10
16
27
-22
-3
6
7
9
27
12
9
-12
17
-3
21
18
-22
6
11
1
-15
20
17
-39
-11
22
-3
9
-6
17
-2
-29
17
10
35
30
-24
5
9
3
9
0
-3
7
-24
-22
6
26
-29
-11
6
17
-46
12
-57
-33
5
-7
-19
-29
41
-28
0
-38
-29
26
-20
-37
-18
68
-39
61
-27
8
-11
-23
47
-19
-40
42
-35
35
16
-26
-19
-32
-16
3
11
1
-51
16
-27
-16
-31
0
6
32
-42
-54
-25
-10
-81
66
-25
-27
-1
-1
27
-24
-15
-10
-7
1
27
-37
-43
-31
-25
23
-46
3
25
-17
-28
42
-13
-68
-21
4
29
-16
-64
-24
13
-31
21
1
-67
-11
18
1
11
1
-13
-20
31
-10
9
-5
-39
17
-54
14
-27
-16
-15
1
-37
23
15
19
51
-11
21
-7
67
34
14
-30
17
1
-16
22
-8
-26
-30
-5
10
8
7
-16
44
-51
-46
50
-32
28
52
5
11
-8
25
-1
-6
25
-18
57
-29
5
-39
-45
-47
-21
-25
-34
50
-23
26
-15
-25
-24
-36
-18
-11
6
18
1
-15
-28
-49
-13
-42
-1
16
-16
17
27
-24
18
-5
-1
-5
60
-5
0
-10
-31
13
30
-4
16
-17
-44
-2
-13
-11
4
11
-9
12
22
-18
-28
30
7
16
16
10
-11
0
-10
9
-12
-4
-21
20
-37
5
2
7
-11
-37
-2
0
-11
-2
1
22
-9
-6
4
-11
-5
2
1
6
14
-22
3
6
8
0
-14
-2
12
8
-6
16
-20
6
-13
-8
6
7
-7
3
9
20
-1
-20
53
-27
3
12
-7
39
-17
-11
50
8
78
-32
27
-5
-25
2
23
8
10
-12
40
39
-17
44
-22
-14
1
-4
-30
-15
34
76
0
-14
23
31
37
36
-9
-16
-20
1
36
8
-32
-15
13
-62
-15
7
26
-16
22
-8
-6
-9
-3
-23
-5
12
-66
-8
3
-24
8
-4
-16
-21
0
14
-2
-3
-37
-5
9
-22
-9
-25
11
9
-8
-31
-17
-3
13
-16
-14
6
-6
-17
-2
6
-30
38
13
-18
5
-31
-14
22
-48
6
-8
-6
5
17
23
17
16
-7
15
21
32
30
-6
43
33
4
0
0
0
-32
-3
15
4
28
36
57
-8
32
19
-48
-4
1
-40
-1
7
55
1
24
-14
41
44
22
-33
-26
38
-5
73
-36
-23
-47
-30
-59
2
-25
-28
-23
2
-23
-30
-26
-34
50
22
13
0
-25
17
9
-1
-29
11
29
0
-7
18
-45
-28
-14
11
1
-20
8
29
13
22
34
-4
] 
