Format: OHWI
Output Channel: 32
Height: 1
Width: 1
Input Channel: 128
[ 
-4
27
-5
-31
-6
-18
0
9
-19
-20
-13
-34
0
7
23
-16
-27
0
16
-39
15
8
45
-34
12
-12
56
-19
-17
17
37
-23
5
-1
54
11
-20
-26
-16
12
-3
53
-7
-17
15
29
5
11
1
12
-1
-23
9
19
-14
11
26
-30
-35
11
-11
-13
14
-10
-4
-37
24
-15
-23
16
4
-20
-26
-1
-19
-36
10
-3
-12
-7
7
25
13
9
4
-30
-3
-15
-9
17
-30
14
-2
-4
15
3
-5
-29
-31
31
3
-32
-5
-12
5
-15
1
-9
11
-1
25
25
-6
-32
19
-8
-16
-8
8
-10
6
-14
26
59
6
11
-21
-36
10
6
7
-2
-5
-3
14
3
-5
-2
-1
10
-5
-7
-11
14
30
8
-3
-3
21
2
6
13
8
11
-2
-12
-14
-6
-3
-12
-7
7
8
-8
2
11
-5
6
-5
-9
-6
-9
8
16
-19
11
1
-5
-12
-7
-1
-3
6
-12
-3
5
4
14
-5
-3
9
-3
4
37
-9
34
-9
-4
-12
10
-11
-9
19
3
5
-4
-7
14
1
9
16
-23
-13
25
-42
-11
-36
-26
-2
-29
-34
-25
-26
0
-6
4
8
-23
29
5
26
0
-11
-11
-30
-5
-4
-2
-16
-15
-24
48
-5
2
31
-3
-28
11
-6
-19
-16
1
-15
-12
23
31
11
-11
11
-19
-8
7
5
-28
-4
0
6
-35
12
-20
-12
12
5
-10
25
1
19
-12
1
2
3
37
-5
-16
-9
5
-18
9
23
8
25
-17
-4
8
-6
13
10
9
-8
-19
-8
27
-17
12
6
12
-13
33
-7
5
31
-10
-17
45
22
13
-19
-9
-16
-31
-28
19
-12
-25
32
1
-14
16
11
10
-13
-10
-8
46
-17
-17
-3
3
1
18
4
32
6
1
-46
-2
-38
-7
-19
6
4
-32
-16
13
-7
18
-17
-30
50
0
-9
12
-12
12
-1
56
8
-3
-10
-74
-27
49
-18
-5
-11
9
-4
-1
-3
8
-5
-5
-5
-16
25
-4
-16
19
-32
-1
-27
-48
-12
-17
19
5
-8
17
28
-9
15
-11
9
23
1
-44
6
-18
-24
23
-16
22
12
-16
-14
-3
-4
-3
-22
-50
-9
-15
2
-15
-23
-2
-21
-26
17
1
-27
-13
-20
28
-2
-1
-2
14
-43
7
-29
-3
-2
44
-15
0
-40
2
-45
-20
24
-4
-3
-9
21
-5
4
20
-19
-2
15
-15
16
-31
-24
-24
25
0
-20
2
24
-9
-28
11
-52
12
-12
-5
9
-20
-25
0
-11
11
-26
-45
22
4
1
33
2
35
-1
2
30
5
16
-14
28
23
14
-5
-2
7
-11
19
-7
6
25
4
16
7
78
13
58
25
-4
-26
-18
15
2
9
-24
-3
-15
-57
1
-7
-25
-41
0
-19
-16
-15
36
-2
22
-10
5
58
8
46
-16
-6
4
2
34
0
28
-4
29
8
-7
-24
-22
15
-14
21
11
2
4
-38
6
-16
1
1
-12
-20
-12
-15
-22
10
6
-19
-15
-37
29
11
-4
4
-10
5
-21
4
60
12
33
39
12
-34
-26
19
-24
-11
-6
-19
-9
-1
-28
-2
-16
22
28
37
19
-10
13
13
-25
-32
13
30
-22
16
-31
-9
-16
-38
8
-27
-21
-2
-7
6
-3
-26
-21
-5
-16
-14
4
1
47
46
14
19
-1
-14
-43
-66
-11
-8
6
-2
6
40
15
-13
-10
37
-8
-4
4
-11
28
-16
-7
-19
18
9
-19
1
-11
1
1
13
-23
-32
-5
3
-12
4
59
-10
-21
-1
-16
-13
-4
-2
4
-27
-5
-3
3
-9
-9
-15
5
-16
-1
9
-6
4
21
-24
-37
20
-9
-10
9
5
1
13
-31
-24
9
-7
-4
-26
21
20
-23
8
-21
-5
18
-15
-22
-1
-5
27
58
2
7
-23
-5
-17
-6
24
9
-1
26
2
31
-18
12
-24
3
17
-5
-13
-32
19
27
-22
16
6
-31
-10
-45
30
32
-7
0
16
-27
2
23
6
3
23
5
5
-26
3
-3
2
10
-5
-8
9
-19
17
1
12
29
-4
-24
-7
7
-6
-22
10
-24
3
-7
-1
-4
72
-15
-5
38
-47
38
-30
-43
-8
9
27
3
-43
-2
21
6
26
-11
-8
24
9
12
27
-62
7
-1
-11
-4
-27
-10
59
-31
-12
26
-6
-23
0
-19
-60
10
5
-9
-20
-5
-5
4
3
5
10
11
-24
-19
-55
6
-23
2
-13
-5
-10
11
2
-6
18
-2
-3
11
-25
10
7
8
17
11
-12
24
-19
-4
-21
48
7
-2
-8
-2
-81
43
45
16
-16
-1
41
-18
6
4
4
1
31
33
-22
-15
-102
-20
-12
45
15
-18
-39
-14
77
7
-2
4
-5
28
1
19
5
-12
2
8
6
-1
6
-1
-5
1
8
12
25
-15
-5
-14
-20
17
-20
-1
4
-23
-6
8
20
6
-22
-27
-15
10
-21
-4
-6
7
-13
-1
-11
-20
12
-19
7
-1
-15
-4
2
-4
7
9
27
-3
9
-37
16
-15
0
12
11
-5
-22
-5
32
7
-20
34
-5
-17
7
7
25
15
36
30
11
38
-50
-34
11
-2
8
45
33
34
-1
0
-13
14
-51
23
34
-16
51
9
-2
-34
33
29
36
17
-3
15
-35
-14
11
-7
14
-13
-21
-10
-42
3
-16
25
6
-1
36
24
-41
-28
21
20
26
5
-21
-15
8
10
-6
52
-22
-44
3
-36
3
23
1
-7
93
-9
-4
-41
7
10
18
8
13
-26
32
7
-44
41
-19
41
25
22
45
-24
11
51
-44
-9
68
9
22
-35
10
-17
13
50
-15
-9
9
10
-9
-18
-17
-12
-1
-2
6
26
-23
-12
7
-4
17
-9
-41
20
22
32
10
19
19
-26
35
-30
9
-9
-13
17
2
-33
-22
-2
32
2
-60
8
-1
3
16
-8
45
0
33
14
59
-1
-3
45
11
-23
-8
-4
50
-51
-19
8
2
-14
-26
-12
-9
-19
-30
-37
-7
-28
-15
8
31
31
-13
32
23
3
20
5
-23
1
-32
24
6
-13
32
36
-6
-4
8
-54
-17
-38
-37
6
-21
-48
-2
-46
-1
-40
-15
-15
27
9
-11
30
-17
4
12
6
34
11
-46
-16
-35
8
-8
-19
-12
16
-57
33
-27
-8
-38
-14
-31
-3
-20
7
-16
-12
-11
12
-27
-38
-40
5
-26
-21
17
-16
-12
26
-26
5
-15
-35
-61
-15
22
-20
-18
-16
28
-14
15
-46
-1
-33
11
8
-23
7
-18
10
-6
-14
-17
2
-37
3
-12
-30
-44
-34
-12
12
-11
21
-17
-10
26
1
5
-17
-6
7
-22
-29
-6
6
-33
66
41
-7
32
-28
-49
-1
9
-15
14
-46
3
45
-23
-13
32
-10
-15
-4
-11
10
-21
81
15
17
17
-16
60
-7
-8
-18
-15
-37
21
-13
-36
27
-22
44
-21
-6
24
-23
28
12
-26
0
-41
35
-7
18
22
-14
23
-4
20
27
13
14
31
13
-43
-15
21
-12
56
3
14
10
16
-4
11
24
-1
-17
-6
-11
8
30
-18
-5
22
106
-33
23
-18
-12
-34
23
-39
20
32
-45
-17
17
-11
-21
-22
34
17
-14
-13
-11
0
35
-33
-8
4
-5
33
49
2
19
-2
-18
9
-51
-34
16
-12
47
-11
12
-14
-7
14
6
14
-18
19
-51
3
15
-7
-14
-14
-18
-12
27
13
-26
-19
-7
-33
24
-11
10
-25
32
18
-6
-5
4
13
-9
7
-2
-28
14
-2
-20
-56
9
15
70
-28
35
7
-3
9
0
-1
0
-3
7
-27
31
-17
-22
-4
3
-18
8
-18
-16
1
31
9
4
7
0
0
-5
-21
19
8
-20
-22
12
-20
42
8
-19
8
24
-8
-11
-29
22
40
-40
-25
15
2
-7
26
-35
-16
-1
-25
0
-13
-28
-32
-22
10
-9
-3
30
-22
-39
18
-30
40
4
-20
-11
-1
-14
4
7
14
0
-9
31
-6
17
13
8
-22
-12
-22
29
9
-19
-24
-10
31
18
-23
26
3
9
26
-9
-1
16
-14
9
4
-43
22
83
4
-8
53
-36
-7
19
-8
38
-9
-16
-24
18
14
-17
-22
-10
30
-6
18
9
1
34
-49
-9
44
22
-44
-44
18
13
-29
-4
20
69
-31
53
-24
42
68
6
-3
-18
-26
4
-11
-21
13
17
-31
-23
0
-41
38
-26
20
26
-18
-5
0
-9
20
21
-19
14
-36
-26
6
-34
-9
55
-27
45
14
16
22
-4
-29
43
-23
-33
-14
-10
18
-33
-11
1
-3
-23
-1
-28
-21
-2
-53
19
-44
3
-12
-1
-21
-19
8
-3
15
8
0
7
43
7
-13
13
4
-24
-6
20
-12
-9
-48
-5
31
20
-62
35
-1
43
-31
-39
0
-46
-23
-17
-15
-18
23
0
-6
-8
3
-21
-16
11
5
-27
-17
7
-29
-11
-14
3
31
-50
-22
9
-3
-16
-16
10
13
-6
-8
7
-25
69
-4
17
-13
-15
-33
6
-16
-12
-16
31
-14
-2
-28
-4
23
-15
-4
6
-4
-19
-12
15
-15
1
-13
-17
-6
11
6
-22
-41
9
-8
-17
11
35
4
4
3
-24
-21
-45
13
-34
-55
-36
2
30
2
-21
-30
-19
5
35
13
-23
2
-15
-26
-25
1
4
4
-38
20
-39
-25
14
-49
-19
28
-15
-20
65
12
-39
-30
-46
-16
-35
-29
-49
-49
-43
32
31
-36
48
-28
-27
-32
-17
-35
-34
5
-3
3
-5
38
47
3
41
-4
-15
16
-11
17
35
24
-7
12
35
-5
-13
20
-11
9
-20
37
26
5
-15
9
-25
-36
-23
9
8
9
-2
-19
27
12
-9
-27
25
-5
35
25
-21
3
1
10
5
0
0
-6
-13
14
57
-14
-13
-22
-7
4
-19
-32
-10
-12
-37
-7
8
33
-25
24
-28
-11
20
13
-14
16
-21
2
32
-25
-8
7
7
-21
-14
23
-24
21
23
-6
-15
13
20
-41
-12
34
-12
-54
-26
-13
13
-23
22
-9
-9
-10
-13
3
28
-17
0
14
-25
1
15
1
-1
2
1
32
9
-11
12
-15
47
15
-16
40
19
16
13
-2
-29
16
-6
-21
-13
56
-7
-47
-14
36
17
50
-15
-3
-30
16
-16
3
32
-27
38
-26
36
-11
-5
25
18
11
24
-31
4
22
5
-18
-30
-40
24
-3
11
-10
-4
-11
-39
10
1
21
29
-12
2
-2
-61
-20
-19
23
-9
-15
0
-7
5
-20
-14
45
-52
-4
5
1
49
18
1
10
-2
20
-56
-18
-25
2
-11
-5
-18
1
-18
-7
29
41
8
-28
14
-28
-6
-50
41
-2
13
24
-23
-24
10
-47
-15
-32
-16
24
0
7
5
-27
20
25
-24
-25
0
0
30
-10
17
26
5
31
-76
-80
-19
-19
-46
10
-2
7
14
6
2
-26
-21
-16
-1
66
25
2
15
-3
-26
-12
-9
4
-24
-1
0
-20
-4
17
-19
26
-1
-9
4
-15
-23
-21
1
-10
-8
29
-10
-36
-28
-32
17
-10
-27
-25
-26
-18
26
-19
5
76
37
-5
-24
19
-48
-34
-45
-22
-3
5
-22
-14
-7
-5
-12
-47
9
-23
-5
0
19
-29
21
-9
-47
4
-7
-23
3
-69
0
63
11
-17
18
20
-5
16
-8
-31
9
-10
47
-1
13
33
2
6
22
-18
0
-11
42
-16
18
-38
-34
9
-47
-34
36
36
-30
-10
-7
-20
3
21
14
24
18
-70
-8
-37
-7
-4
7
9
1
5
-1
-8
12
5
-2
6
11
2
4
3
1
1
-3
-19
11
4
15
-11
2
10
-6
-2
11
4
2
-4
-9
-7
17
1
15
-7
36
-5
-4
12
0
0
5
-10
3
5
-12
21
-9
2
9
15
-13
-8
11
-29
9
-7
-3
-4
-7
-13
-19
8
-10
-3
-10
15
-32
2
0
11
8
6
-8
4
2
45
18
-4
-24
32
-36
-25
-17
16
6
-29
-11
-11
-33
5
-19
1
-20
2
3
-25
28
1
35
-3
-11
23
-27
2
29
15
-13
-23
-33
-11
33
12
-2
10
-25
4
28
-18
-7
4
-14
9
25
-6
3
-2
10
40
-4
-7
-8
-14
11
3
-16
10
-11
17
-19
19
8
-29
2
-7
-11
5
-4
-16
-13
-2
15
-10
33
-21
11
7
-13
8
29
11
11
-16
33
9
-13
13
13
5
-11
-18
-20
11
-3
8
-4
3
2
47
-1
-6
-3
-4
5
20
-39
11
0
-7
-10
2
-9
36
27
-15
-22
53
-13
-5
24
4
21
6
-16
0
21
1
36
-1
-13
25
25
-33
6
-7
25
1
-33
35
1
-3
-2
5
-14
-11
-43
-17
-31
30
-11
10
-21
-7
-37
22
-13
-34
7
-2
-23
29
21
19
-16
3
-8
-31
11
-29
-16
4
33
-10
-15
39
13
-27
-12
-34
-6
10
38
-4
-8
26
28
-22
-4
14
-41
-18
-5
-14
36
2
40
-17
1
-29
-10
10
-2
-12
-21
-18
-33
7
-3
16
26
-1
20
-12
-45
21
20
-11
-8
39
33
-13
-25
16
-12
8
-46
-37
3
-28
19
36
-10
-40
-26
5
0
0
-2
5
-1
-43
-8
7
-28
18
81
10
19
-21
6
-4
-50
7
-22
-1
-2
-15
1
-27
9
-30
10
31
17
22
-9
100
-18
-1
-8
-14
10
29
-12
13
-18
-18
19
59
1
35
4
-20
-11
-20
-6
-13
9
7
-40
35
-25
-13
8
39
19
-3
7
-25
26
-16
-13
-18
-6
13
-10
-20
-3
16
-10
2
-24
22
-8
-20
-9
-5
-18
2
-14
-8
-2
-1
9
-1
-10
-9
-2
-5
-10
-11
-9
17
7
-11
-1
11
1
16
-20
13
8
2
3
-3
-3
-3
1
-15
-21
-14
21
-16
5
-12
-8
-22
-4
-16
6
10
-27
3
-14
16
32
-46
31
1
-12
12
-4
3
-19
-3
-17
-26
39
-14
-16
24
14
1
18
6
-12
-2
-2
23
12
-24
28
-8
-27
5
-18
27
5
-13
19
-16
7
-4
-26
-4
36
-6
-25
-1
9
-23
-28
-16
0
56
14
-21
20
-8
-29
-3
22
-20
-8
13
-19
12
29
-8
-6
-23
-20
5
25
27
7
47
-38
-27
-34
3
23
-15
10
2
38
15
0
-10
1
17
-21
50
15
-28
22
17
-4
-9
-4
58
5
-15
-50
4
-5
-13
-11
0
-27
-11
10
19
26
-22
-11
-58
-2
14
21
-37
21
-5
12
-7
9
-17
2
-41
-1
1
-12
19
4
1
-8
47
26
27
-7
2
1
16
27
-22
5
-5
-21
20
-3
-22
5
-28
-26
22
28
-12
-44
2
-8
51
-6
34
-14
20
18
-9
41
-7
-3
-23
13
22
4
22
-5
-32
-57
1
7
-40
-14
-26
-26
27
4
-13
-23
54
11
-41
-39
-15
-28
-21
-56
2
-48
11
-12
-10
-18
-2
3
-12
18
-5
-28
30
-15
5
-2
13
-15
19
-4
29
8
-2
-20
11
27
25
-8
-34
-40
-25
7
-9
-19
-4
61
-1
25
44
1
27
1
24
29
8
-27
-17
-14
-47
-10
34
-26
22
-2
31
-6
-42
-21
-26
36
25
1
-9
-4
14
-16
-30
24
-19
-41
14
17
-7
1
-15
21
9
6
-4
19
12
-52
-15
9
6
17
9
18
-1
-15
9
-15
42
-4
-10
-6
-28
32
-43
28
1
2
-18
0
-30
5
-24
11
-9
11
28
1
-2
-26
-4
8
24
9
-43
-14
-5
17
-8
25
30
12
-1
-44
-45
3
-1
10
24
-13
-32
-2
4
5
0
11
8
16
9
-14
13
16
-10
-39
-33
26
6
-23
42
58
4
-25
-31
26
-15
32
-5
-6
5
-11
11
-48
-20
17
12
-1
-42
5
34
28
59
-59
-43
5
22
4
30
-4
8
28
4
3
54
-5
-24
-6
-3
18
-9
5
19
20
-71
11
21
15
-3
22
0
69
16
-3
22
-20
9
-34
18
21
0
-29
-45
-31
19
27
-25
22
-11
-20
-13
-23
5
24
-23
-18
-31
-13
-3
-39
-6
-14
23
-3
17
-25
-32
-25
-10
14
-14
59
5
4
10
2
-15
4
-23
23
-45
-13
30
32
-14
31
-6
27
8
8
-31
29
-33
-9
5
-38
-44
30
0
7
-2
-23
1
-14
-26
16
26
33
1
70
16
-5
-18
13
3
-2
26
-3
-12
7
28
5
-7
-13
16
15
-21
-14
21
47
-5
5
-30
9
-8
-14
-34
8
-1
-8
6
-33
-33
35
-9
2
-11
11
29
4
-25
-5
-19
-19
-42
-22
-12
35
4
11
-13
-32
-3
-21
-44
-40
-19
-12
-29
6
-23
55
-32
-58
-21
39
2
-29
-7
-11
-22
-30
-22
-14
-2
-32
4
39
-22
17
5
-34
1
-3
-17
45
-1
1
-30
-21
-5
-16
-1
-21
-16
-50
4
8
-13
22
26
3
7
7
-2
-4
-2
-20
-17
1
-8
2
7
-6
-16
-30
-22
5
11
1
-20
5
15
11
-1
-18
-7
-4
-12
63
20
18
-12
-10
-2
1
48
5
2
-22
-2
-4
17
-17
19
-1
6
19
3
6
23
8
0
-1
-1
7
20
5
-14
-37
-4
5
-19
-16
-11
-1
12
7
-18
-9
0
-9
-12
-23
-34
-25
-4
-48
-28
8
15
-9
12
-13
4
2
-26
-12
19
8
44
38
-39
-5
-12
-28
-2
-21
1
-18
28
-4
-21
-13
18
5
42
40
1
-20
11
2
-3
-18
-16
-2
-1
22
-8
-41
-17
-29
6
6
-30
-3
3
-10
13
26
0
1
2
2
8
7
4
26
-4
2
3
9
-14
18
10
-9
6
-15
-8
6
2
-11
21
-3
4
-3
-15
-2
14
7
4
-10
18
-5
3
-8
-2
-4
-20
14
-26
-11
-2
13
13
-10
-11
-17
33
8
6
9
2
-30
-6
13
34
0
14
-4
-17
-3
6
1
-33
33
-12
36
34
2
34
-15
12
-4
-4
-1
-18
14
-17
1
26
-13
-14
23
-18
-33
-3
10
-4
-12
-5
26
26
-31
16
-38
30
-9
27
54
-13
10
-17
31
3
24
2
-22
-36
-22
7
5
-25
-23
15
28
6
17
-1
-28
-13
-26
-5
-7
6
-29
0
-29
4
33
24
-19
12
5
-16
-21
25
1
-13
0
-8
39
20
1
1
-18
-5
15
1
-22
-12
47
5
-18
27
-12
-6
-14
-12
-20
5
-12
-40
-9
6
-5
7
1
-3
19
19
18
-1
-3
21
12
-6
11
-6
19
37
19
-28
18
5
10
10
-26
-47
1
1
-13
9
-25
-21
4
-14
-26
2
12
8
-14
12
-13
-14
-17
0
-7
-16
6
-15
21
22
15
-38
30
-4
-6
10
-13
-19
42
-2
17
8
-5
-21
-7
10
-19
-8
14
-10
-16
18
59
-4
12
0
-4
23
-3
-18
9
-3
5
15
34
-27
-40
9
4
-2
16
6
7
-27
-22
-8
18
5
2
-9
2
11
43
-31
-28
39
-18
-18
-28
15
-15
-26
-18
36
-4
-9
-32
-7
17
-17
50
28
50
-6
0
-7
8
5
7
4
-26
-25
7
-12
1
-8
2
38
-8
19
24
12
-20
24
-7
14
-26
25
-26
-10
-4
-17
36
20
27
4
4
-33
34
-37
23
-22
-23
2
7
-9
20
1
50
-32
18
-6
-21
5
-17
-29
-14
1
1
-1
23
-33
-57
7
3
-1
-13
-41
5
5
22
-32
-12
-12
23
-12
14
-55
-3
-24
3
-16
35
11
-1
20
0
0
-27
16
-7
-5
22
-7
0
21
-5
59
9
16
-20
-26
14
-55
10
29
-21
-17
27
8
-44
-5
-40
-22
-13
-16
35
21
-22
4
0
-32
46
25
21
-33
-4
1
-26
19
-25
0
-16
7
1
-23
10
18
5
51
-1
14
-5
10
21
-4
-5
11
-5
-4
-36
-15
-9
6
31
10
15
25
-9
-4
-31
-2
-2
-37
-23
-20
-23
1
5
26
2
5
-11
-4
-8
10
-23
3
10
-27
-6
0
8
-15
19
22
-31
2
46
9
58
-18
-21
9
-34
25
-14
7
-48
20
11
-19
-31
3
17
-55
-2
35
-28
-8
-7
-3
-14
-27
-4
-30
8
6
-11
9
-22
-57
-18
-30
16
5
-26
-20
-5
13
3
-28
7
9
8
-19
52
33
11
8
-27
7
-26
4
-9
-3
35
4
33
0
14
21
-38
10
1
2
-20
8
20
18
-4
-12
-7
-6
37
-14
9
37
14
52
-2
-34
11
31
-24
-7
15
0
1
-58
-20
-7
13
23
31
-25
-9
23
-16
22
16
-9
-29
-13
-24
-36
36
-52
24
22
14
-24
1
25
18
-35
5
-21
-59
-19
16
37
6
8
-21
10
14
24
4
-13
-15
15
9
11
18
-15
-14
-46
-10
13
49
4
7
-3
-14
22
7
63
-17
-8
23
1
-4
-18
-23
14
12
37
27
-10
41
17
-10
16
0
-4
12
11
8
1
5
-15
-14
-11
-4
-8
-6
0
-1
17
8
-9
-7
20
11
12
-5
-11
18
10
40
-8
12
24
-27
-15
11
15
18
15
2
9
34
40
24
28
4
9
-2
0
6
1
13
1
-4
-17
1
40
-2
8
10
-20
6
-38
4
-12
28
6
12
18
-5
16
-6
30
-20
-28
19
-24
-3
-14
6
-5
4
-1
-7
12
16
-23
59
-19
-27
10
16
-26
14
29
-13
20
8
-24
26
3
27
4
-13
-18
-20
32
-3
12
-43
36
-12
-11
50
38
-18
24
-13
9
27
-12
-48
-15
27
-23
34
-17
-12
24
17
-50
19
-2
23
20
] 
