Format: C
Channel: 128
[ 
11127
2077
3898
6813
2859
4186
6630
5608
4352
9677
8774
6866
4398
6407
9294
1791
12783
3226
6335
4757
5200
2316
6679
8026
9798
3452
6448
6552
1151
-2275
162
1967
7973
8085
5162
6069
7860
1505
-2680
5553
2758
7537
5851
307
6412
9483
1482
-1533
2558
11406
2201
12050
4181
5847
2880
1826
4192
3601
2118
1700
-3664
5060
-2742
3241
8159
9216
6623
5924
-189
6410
3138
9531
974
3873
1489
8102
8310
2619
1656
2033
8270
12109
7417
841
-1062
6396
5395
2717
13782
5166
967
7309
-2631
1598
1792
-3312
7624
11707
4906
-536
9303
4462
4271
13907
4339
6722
2766
-808
-376
5467
13312
-1283
7266
6662
2994
5671
-1371
4663
11852
3691
7897
2070
5187
4331
3780
-1655
8360
1749
] 
