Format: C
Channel: 128
[ 
-4377
-4302
818
7353
2253
5003
4083
2432
-2842
11009
3570
-8941
8611
4772
6829
9628
6692
-3233
1752
-1024
2288
-602
14778
-1759
-2868
7187
1306
-2350
-1189
8568
-5905
3777
-8361
2030
2163
3089
-2914
5549
-968
1246
12690
339
-10166
4815
8031
1638
-241
-2775
-2958
9352
2632
7925
-1463
-4113
26
13587
2415
-381
5733
2329
13165
-4538
12265
9752
11087
2583
-6288
5283
1576
13341
-1496
754
-1466
-5579
-5973
6511
17489
2696
-1502
4416
-1858
582
-2687
-4891
6140
-9792
8417
1450
6707
8380
-8908
531
6569
-616
-6587
6057
-176
9673
3961
-4466
15172
5118
-2819
9989
474
-320
-142
483
505
-1929
379
-2645
-4670
-390
2695
-9700
10098
6407
-801
2795
5375
710
1544
3015
-4801
-1254
5344
-5516
] 
