Format: C
Channel: 128
[ 
1174
-4745
-727
7665
-3780
154
-2014
-60
-4328
-1388
-1121
-1404
3298
7688
2089
956
-3668
-3432
8064
1305
-6975
10266
-2386
11794
-3142
-2563
-4577
-1618
-4049
-283
1635
2538
-2329
1963
4754
4760
-1687
5771
8283
-350
12059
-1093
-4972
970
-1587
-2925
-7406
5421
4417
1868
7714
-1605
-956
-3317
-4428
-9422
1868
1244
-1937
-1957
-5403
4120
-2198
2502
-3842
-936
4173
-4173
-2933
5786
-5931
8047
-3501
492
-5031
1122
-1032
3078
-1046
8171
514
3319
-2652
1791
10401
-3558
202
14976
-4112
4237
-3216
-4232
-896
-2523
-3568
1849
-1528
-1535
5756
-5779
2227
3128
-4205
9631
-5349
-4748
2060
-6674
-5464
56
3069
86
-903
-3374
-2641
-4342
-2679
10416
-1406
83
-484
188
-6913
8424
-1289
-2924
-7669
-437
] 
