Format: C
Channel: 128
[ 
6029
5968
13067
9914
4306
9417
17724
13089
7283
5380
6417
2536
11791
7991
10593
13292
4163
5273
666
2477
6543
8899
10884
8144
9604
1133
425
2881
5300
8260
7285
10974
6216
9552
1491
4985
-2683
5269
13569
10043
9807
11895
2475
5915
2430
4510
3083
9259
8058
15748
9721
12249
10577
10445
8128
8450
12954
8271
12685
3664
12278
8376
13217
-3754
10936
5412
5735
10038
5720
12065
7027
4506
10585
13306
13088
5641
13146
8715
737
5472
11264
10101
-6154
5824
8281
10463
5733
9690
2119
10043
-659
9399
2358
9974
14942
9097
4310
8470
10004
6153
12095
12479
11187
2711
9449
11143
10575
10216
8129
6667
3909
3499
15027
12896
5998
4617
5105
2935
11551
4848
10997
15678
982
3478
7384
12324
11467
12227
] 
