Format: C
Channel: 128
[ 
2224
5879
11133
3347
-7381
1475
4213
10096
4058
-8629
1125
1532
10495
-907
-1164
4643
-2808
2374
-3549
3295
4989
2413
819
3997
-7045
2136
4826
548
4888
5483
5019
5869
-1197
8631
-677
3470
-635
14131
3564
1232
5762
4018
-600
9039
4306
3426
425
3169
3014
2346
1799
1701
5383
11022
6294
774
2567
2570
5121
681
10469
9433
2068
2246
-4127
-3296
2245
-2409
5906
-6377
-529
9092
6755
-180
3140
-690
2698
9242
5310
3531
3325
6486
-487
4695
5090
4401
-421
1198
6355
3365
6594
5626
5519
1930
2192
-309
7292
655
1552
-4641
3112
-5950
4673
1870
9272
2034
2796
7383
4361
3703
5416
2466
3730
1855
-12574
2340
2367
-4200
6183
6269
9864
-15461
-3761
-13135
950
5306
6308
1515
] 
