Format: C
Channel: 256
[ 
-10172
-2942
10845
-1872
8435
6579
12005
10634
-564
10114
2382
11176
6832
11120
14814
1089
7069
5710
12924
-426
13549
8201
3368
6144
17517
8355
15329
11392
16828
7141
4894
18634
11751
20866
2652
8744
2075
7406
12723
6193
15582
7465
7364
1368
5772
6901
14722
-3100
11686
10413
14512
4788
12978
13591
13158
16010
17254
-3675
475
15302
2830
9940
1826
-2114
8158
11087
12328
11545
3964
10426
13900
1676
8058
4718
10260
-2896
4516
9138
5622
9586
7547
-2130
10015
1374
7473
12620
9305
14306
8449
9079
13297
11953
3396
-77
-3705
24216
1308
11352
-926
-14119
10145
16781
6411
11289
14264
17222
-1978
8917
-3506
8565
113
7715
5563
15839
20703
10582
12328
11624
3224
7751
10378
10030
267
-1583
10043
11920
5786
1640
-9899
10221
12075
-4926
-5609
1829
9516
6878
8728
3185
18222
12478
-13501
-4109
7865
11365
14017
11101
2003
-1991
5598
-3560
16839
5082
15034
10443
13795
5234
-1245
-5654
1558
3017
14385
20
14663
-2856
7542
16008
5395
5381
9902
3125
12576
4793
6291
387
13996
19372
11022
7976
17844
-11157
11027
10516
13572
13466
6336
8416
9002
3692
8917
16521
2287
14566
6492
6627
7715
3402
-8677
3605
-542
-5735
-6018
10918
-3177
16519
15248
3158
13167
3525
19731
5673
2741
-7088
17136
-6440
2442
5465
10538
-12532
3802
10350
18497
1198
6720
6013
4354
13070
14369
6899
-924
23600
5027
16610
11814
19409
11271
11224
13091
8880
3247
12021
5706
2280
-3945
-4683
11263
6180
3397
-1616
9183
-6311
1873
16744
13274
7248
-237
4763
] 
