Format: C
Channel: 128
[ 
3981
1652
307
4089
-4229
6162
-6163
8307
1512
10740
-7003
-167
6706
2827
2927
-9239
1950
-309
5038
1985
4545
4770
-114
1322
8286
-6007
-310
5348
2144
6729
-5744
-3974
9194
-3315
6311
2834
2997
-95
6483
728
956
5697
4698
3315
-1926
-7435
10544
3669
-13981
-4154
5991
-3691
-1935
1974
-4145
-3484
-78
-4156
6698
9027
-820
9616
-510
4744
7553
4835
10409
-922
1642
8356
1492
4806
3410
-6542
5666
3739
990
3586
13767
-3209
-4291
-2448
1891
3257
-34
5459
-64
-1692
1901
-74
-2964
7257
-2198
10342
5682
-2809
-13601
1675
-3396
-3521
10990
2773
-162
-15236
-1219
-5380
7557
2878
-8450
4770
-5819
4534
5586
4128
-5188
9168
-6975
-2085
8784
5670
548
11784
3693
-6661
610
-7113
-8718
-3840
] 
