Format: C
Channel: 128
[ 
2580
2354
-624
8172
855
-1835
-9583
3412
4886
5067
-824
1040
-4984
2983
7536
6168
9424
2239
9328
4462
131
-163
2211
4612
7577
7487
1352
7184
14109
-6414
5048
6012
2160
-5001
3125
3623
9896
2697
92
2894
-2502
-235
4780
7671
4648
3300
-2536
582
-786
-1705
245
9487
-1121
8956
-649
-222
-1282
2538
326
1662
-2887
6110
1925
5828
4259
-2411
-124
1360
7239
1481
-2385
8509
177
2774
8457
1539
7759
-3357
-742
-1049
-6008
6955
9947
2522
6151
6417
6487
216
-5131
-666
5660
-528
4616
-3019
1749
4588
3569
10200
4425
669
12307
3471
1275
1828
-9118
4439
6239
8062
1709
9858
-2163
-1210
-1883
5451
6118
-7621
5018
2933
5882
7906
239
-4295
5185
10428
4327
2993
5515
1171
] 
