Format: C
Channel: 128
[ 
4251
-1480
1809
6180
-1357
5539
11347
4141
5366
-10761
7439
9145
4412
-857
8416
-4281
4121
1833
-2515
819
4195
7714
5072
9767
6259
2931
2113
-2808
4159
1516
3241
-5511
8900
6756
4169
-1283
6101
3129
2191
-3005
-2401
6463
1120
5934
-946
10094
239
4005
-4650
3257
7156
3508
6437
4248
-106
-1306
1887
8243
-433
2451
5670
2611
4178
4178
-1736
6093
-1108
-356
-2866
771
7840
2727
3435
5978
4127
-6968
-2961
11863
92
5320
1740
-221
292
9437
1451
2842
4423
3101
-1635
107
-598
5830
6983
3083
7882
3669
-5002
10209
-2227
1968
1162
4398
5202
9
755
-1644
9323
4999
8911
15207
-9783
-2148
11971
6400
395
1722
7147
2634
-2120
796
-7651
7835
2305
-3770
389
-305
-348
84
] 
