Format: C
Channel: 128
[ 
-1891
4615
14105
-4275
6873
8537
4442
7753
3682
6727
3679
-4767
1256
-1153
-2328
-8076
4886
2180
-4120
3964
1076
2002
-349
5601
847
-3157
1767
363
4697
2196
4189
-4682
3701
-3867
4632
-268
-3588
-720
3024
2233
4435
-1012
8342
2441
2995
123
2684
-4688
2281
-1238
2747
557
-634
5845
1659
2275
3545
8296
-2644
2381
6048
-103
2195
-2728
12911
1512
1864
3201
-906
6039
4958
-4808
6770
-1579
14347
2383
2220
-2911
5074
960
3243
1048
-824
1753
5726
2119
8222
-1412
3745
6464
3997
151
3905
1430
3152
-4903
-3171
2979
-5283
4994
-4875
8422
8356
2861
3415
2181
5080
3318
1091
-924
4084
5869
2352
2092
4046
2530
2584
5942
3179
-1925
6582
2092
772
3835
8688
2791
-5683
732
] 
