Format: C
Channel: 128
[ 
2618
4776
7039
61
-159
-414
-251
3451
6005
4069
1836
981
3345
508
3967
8121
4502
1499
5124
2089
-966
-3753
5213
2449
786
305
-200
-3412
8152
2075
171
-1011
8220
4278
-8028
311
455
516
1179
-1625
-1010
-431
3475
2551
2109
802
4241
1354
-1050
-971
5856
-1489
-782
2178
276
579
2761
-1521
1499
-1035
12
3739
5262
-744
-269
844
5710
2326
2970
5142
-1115
2456
1761
-4173
991
3718
2345
2616
128
539
-200
2791
1375
10485
5709
3818
-2389
1713
8491
-3297
7983
-3406
192
2428
3018
4314
2747
2721
1878
-1344
6158
2906
-3090
-2577
-2923
-687
4425
5044
6524
-4597
380
8649
1825
11147
6836
12590
1426
770
-508
-205
1437
-5663
15602
4215
-1834
4289
10847
-2018
] 
