Format: C
Channel: 128
[ 
-5305
3098
5825
6769
2817
7619
6827
10350
-8906
-4325
1855
-8226
1413
4350
5686
759
-12250
1287
6004
8950
2084
8359
6173
6755
3608
8382
-2097
-396
13686
-3785
11684
3180
1454
3461
-1944
-1700
-2318
4861
3346
10500
7444
394
-3493
8195
7045
1243
-63
5447
9794
5780
458
2295
4016
-2514
17764
-4537
11696
2510
6221
6523
10624
-2737
-4354
-3448
5156
2467
7694
2058
-7568
5568
-2492
-2880
3538
7686
2009
1525
-5484
11576
3632
3904
15990
8407
573
7817
5623
7048
-1184
6854
-3431
-10704
1900
1963
2871
-2763
-753
-2801
5944
2233
10333
5078
4766
4622
4851
3073
1278
-2141
757
13280
-8712
6752
-1190
6476
10170
9575
9720
1473
38
2961
13207
3467
-3245
5458
-1565
4001
8015
5285
6288
-10718
] 
