Format: C
Channel: 128
[ 
7032
6294
-3089
118
2500
9029
6236
6471
194
292
-5555
-3762
-2958
-902
2025
8997
-2567
14915
3334
-10016
3646
7042
6966
-2496
2010
241
2336
5800
2637
-4565
1382
2096
3319
-550
-969
-474
-1723
261
3902
8612
2811
449
126
-4330
5912
5893
-2287
2224
3422
3708
4950
-2471
8361
627
-1991
-2218
4842
-2956
4138
-1624
2065
-558
2297
610
-716
6087
5479
2465
-1826
-1202
143
-3988
1815
6173
4518
-1026
5079
5266
2468
-1432
5054
2639
2899
1204
1511
4905
1382
4409
-1934
-5294
-3613
2142
1716
397
9174
-1580
-645
-4241
291
3826
856
3179
11750
-1544
3872
5858
5206
639
-3742
-2476
5455
3725
405
-563
6943
2004
2407
-8449
-2346
503
2342
-7665
-339
536
4552
2956
351
-4143
] 
