Format: C
Channel: 128
[ 
29
-346
2586
907
6948
6242
5295
-10305
4140
6908
8177
-1225
-2070
5511
8942
-1823
8552
3530
9713
-1621
8529
13279
2273
10487
-779
9398
3162
6615
14420
15611
9267
4822
12284
2491
13175
9313
8615
8633
7660
13474
6684
7739
4900
8721
10174
6561
7951
7618
12308
10663
8052
8937
9375
7418
18211
1387
9822
-2869
1940
-747
3133
733
16111
9022
7070
6377
5961
8803
-7554
5432
6523
6897
6699
-1103
5569
-895
14512
372
6523
5497
5116
1288
20266
9451
2901
6598
5569
2854
-1647
-3855
6643
11336
-1303
7601
3707
18222
5258
688
-773
7723
-6062
-525
9474
4782
-5321
9272
1253
-16
-11891
5652
8231
9487
-6372
3282
6345
6048
7692
3981
5863
15684
8560
177
8003
5303
-5106
9081
-688
5053
] 
