Format: C
Channel: 128
[ 
2283
3647
3385
1417
-610
-2035
5023
8708
19027
-3801
4247
2880
-498
5145
-1349
11353
21198
-3092
-2502
-13558
-560
-2142
-3461
1603
-425
1043
-590
-4774
-2820
13110
-5528
-8183
-3422
1870
1549
-2083
-4332
6405
572
5424
-8
7004
-1351
482
2802
2072
2416
5948
-6613
23954
-3673
-5198
1301
-12527
10869
-5890
7775
1597
2388
4572
14521
-609
3109
-18
3406
392
-6395
2126
-6929
4035
-1937
-1285
4676
8801
992
13337
3966
-6641
-4197
-4804
34
-2776
-1669
-7482
259
3340
-11748
-390
2292
-19153
-1580
-4745
111
3316
6377
-1051
7383
350
1772
12760
1519
1183
2669
-7354
1461
-2227
7507
4625
13312
-2717
397
-1181
2534
1208
-67
-9773
4354
5299
1340
5213
-12904
2021
2939
-3911
-8504
2586
-219
220
] 
